,index,date,close,diff,open,high,low,volume
0,0,1998.05.20,427.0,31.0,410.0,427.0,410.0,3500.0
1,1,1998.05.21,459.0,32.0,427.0,459.0,400.0,7420.0
2,2,1998.05.22,423.0,36.0,423.0,423.0,423.0,15380.0
3,3,1998.05.23,391.0,32.0,400.0,400.0,391.0,4640.0
4,4,1998.05.25,391.0,0.0,391.0,391.0,391.0,9700.0
5,5,1998.05.26,345.0,46.0,345.0,345.0,345.0,1530.0
6,6,1998.05.27,345.0,0.0,345.0,345.0,345.0,21000.0
7,7,1998.05.28,386.0,41.0,386.0,386.0,386.0,5600.0
8,8,1998.05.29,430.0,44.0,410.0,430.0,410.0,8000.0
9,9,1998.05.30,449.0,19.0,380.0,449.0,380.0,90.0
10,10,1998.06.01,396.0,53.0,470.0,470.0,396.0,3550.0
11,11,1998.06.02,355.0,41.0,400.0,400.0,355.0,1030.0
12,12,1998.06.03,397.0,42.0,397.0,397.0,396.0,5020.0
13,13,1998.06.05,400.0,3.0,400.0,400.0,400.0,1980.0
14,14,1998.06.08,429.0,29.0,400.0,429.0,400.0,4300.0
15,15,1998.06.09,430.0,1.0,430.0,430.0,400.0,5010.0
16,16,1998.06.10,445.0,15.0,450.0,450.0,440.0,11100.0
17,17,1998.06.11,430.0,15.0,430.0,440.0,430.0,26800.0
18,18,1998.06.12,450.0,20.0,450.0,450.0,430.0,80090.0
19,19,1998.06.13,504.0,54.0,460.0,504.0,460.0,20820.0
20,20,1998.06.15,564.0,60.0,564.0,564.0,564.0,55430.0
21,21,1998.06.16,500.0,64.0,631.0,631.0,497.0,81310.0
22,22,1998.06.17,440.0,60.0,440.0,440.0,440.0,8000.0
23,23,1998.06.18,490.0,50.0,490.0,490.0,400.0,4160.0
24,24,1998.06.19,495.0,5.0,490.0,495.0,490.0,1020.0
25,25,1998.06.20,489.0,6.0,470.0,490.0,436.0,7130.0
26,26,1998.06.22,480.0,9.0,440.0,480.0,440.0,1410.0
27,27,1998.06.23,440.0,40.0,450.0,450.0,440.0,12500.0
28,28,1998.06.24,388.0,52.0,430.0,430.0,388.0,3700.0
29,29,1998.06.25,434.0,46.0,342.0,434.0,342.0,51630.0
30,30,1998.06.26,400.0,34.0,450.0,485.0,400.0,3690.0
31,31,1998.06.27,405.0,5.0,400.0,405.0,400.0,16080.0
32,32,1998.06.29,450.0,45.0,400.0,450.0,380.0,67260.0
33,33,1998.06.30,430.0,20.0,445.0,445.0,400.0,14040.0
34,34,1998.07.01,470.0,40.0,380.0,475.0,380.0,4390.0
35,35,1998.07.02,460.0,10.0,420.0,460.0,420.0,80.0
36,36,1998.07.03,460.0,0.0,405.0,460.0,405.0,1010.0
37,37,1998.07.04,450.0,10.0,450.0,450.0,450.0,0.0
38,38,1998.07.06,500.0,50.0,490.0,500.0,450.0,52550.0
39,39,1998.07.07,500.0,0.0,480.0,500.0,440.0,17790.0
40,40,1998.07.08,500.0,0.0,550.0,550.0,500.0,5700.0
41,41,1998.07.09,495.0,5.0,500.0,500.0,440.0,3830.0
42,42,1998.07.10,495.0,0.0,436.0,495.0,436.0,1170.0
43,43,1998.07.11,490.0,5.0,490.0,490.0,490.0,0.0
44,44,1998.07.13,432.0,58.0,490.0,490.0,432.0,1700.0
45,45,1998.07.14,460.0,28.0,450.0,460.0,450.0,20.0
46,46,1998.07.15,500.0,40.0,500.0,500.0,410.0,7750.0
47,47,1998.07.16,479.0,21.0,499.0,499.0,450.0,830.0
48,48,1998.07.18,470.0,9.0,470.0,470.0,470.0,1500.0
49,49,1998.07.20,520.0,50.0,500.0,526.0,490.0,52040.0
50,50,1998.07.21,582.0,62.0,582.0,582.0,582.0,13090.0
51,51,1998.07.22,600.0,18.0,651.0,651.0,590.0,81100.0
52,52,1998.07.23,530.0,70.0,540.0,540.0,528.0,11900.0
53,53,1998.07.25,469.0,61.0,420.0,469.0,420.0,300.0
54,54,1998.07.27,468.0,1.0,450.0,468.0,430.0,8450.0
55,55,1998.07.28,470.0,2.0,470.0,470.0,470.0,1480.0
56,56,1998.07.29,490.0,20.0,470.0,490.0,470.0,4200.0
57,57,1998.07.30,450.0,40.0,490.0,490.0,450.0,3800.0
58,58,1998.07.31,470.0,20.0,470.0,470.0,470.0,100.0
59,59,1998.08.01,498.0,28.0,498.0,498.0,498.0,10.0
60,60,1998.08.03,494.0,4.0,494.0,494.0,494.0,0.0
61,61,1998.08.04,480.0,14.0,480.0,480.0,480.0,370.0
62,62,1998.08.05,450.0,30.0,450.0,450.0,450.0,500.0
63,63,1998.08.06,430.0,20.0,396.0,430.0,396.0,4500.0
64,64,1998.08.07,419.0,11.0,400.0,419.0,400.0,4850.0
65,65,1998.08.08,400.0,19.0,400.0,400.0,400.0,800.0
66,66,1998.08.10,365.0,35.0,380.0,380.0,365.0,2810.0
67,67,1998.08.11,350.0,15.0,350.0,350.0,350.0,6400.0
68,68,1998.08.12,392.0,42.0,370.0,392.0,370.0,11000.0
69,69,1998.08.13,400.0,8.0,400.0,420.0,400.0,16820.0
70,70,1998.08.14,400.0,0.0,410.0,410.0,400.0,2700.0
71,71,1998.08.17,410.0,10.0,410.0,410.0,410.0,700.0
72,72,1998.08.18,390.0,20.0,390.0,390.0,390.0,5400.0
73,73,1998.08.19,370.0,20.0,400.0,400.0,370.0,6500.0
74,74,1998.08.20,410.0,40.0,400.0,410.0,400.0,6640.0
75,75,1998.08.21,450.0,40.0,410.0,459.0,410.0,16450.0
76,76,1998.08.22,500.0,50.0,400.0,500.0,400.0,7610.0
77,77,1998.08.24,450.0,50.0,450.0,450.0,450.0,4500.0
78,78,1998.08.25,450.0,0.0,410.0,450.0,410.0,21980.0
79,79,1998.08.26,478.0,28.0,430.0,490.0,430.0,6110.0
80,80,1998.08.27,500.0,22.0,478.0,500.0,450.0,7510.0
81,81,1998.08.28,450.0,50.0,450.0,450.0,450.0,300.0
82,82,1998.09.01,440.0,10.0,440.0,440.0,440.0,0.0
83,83,1998.09.02,390.0,50.0,390.0,390.0,390.0,8810.0
84,84,1998.09.03,390.0,0.0,390.0,390.0,390.0,2320.0
85,85,1998.09.04,380.0,10.0,380.0,380.0,380.0,8700.0
86,86,1998.09.05,380.0,0.0,380.0,380.0,380.0,0.0
87,87,1998.09.07,365.0,15.0,360.0,370.0,360.0,3700.0
88,88,1998.09.08,365.0,0.0,365.0,365.0,365.0,2000.0
89,89,1998.09.09,365.0,0.0,360.0,406.0,360.0,1200.0
90,90,1998.09.10,408.0,43.0,365.0,408.0,365.0,1600.0
91,91,1998.09.11,400.0,8.0,456.0,456.0,400.0,12180.0
92,92,1998.09.12,400.0,0.0,400.0,448.0,400.0,1490.0
93,93,1998.09.14,400.0,0.0,400.0,410.0,400.0,4300.0
94,94,1998.09.15,448.0,48.0,400.0,448.0,400.0,3100.0
95,95,1998.09.16,450.0,2.0,450.0,450.0,450.0,900.0
96,96,1998.09.17,450.0,0.0,420.0,450.0,400.0,900.0
97,97,1998.09.18,430.0,20.0,440.0,440.0,430.0,1120.0
98,98,1998.09.19,450.0,20.0,430.0,450.0,430.0,1700.0
99,99,1998.09.21,430.0,20.0,430.0,430.0,430.0,3550.0
100,100,1998.09.22,430.0,0.0,430.0,430.0,430.0,1150.0
101,101,1998.09.23,450.0,20.0,430.0,450.0,430.0,10000.0
102,102,1998.09.24,449.0,1.0,449.0,449.0,449.0,0.0
103,103,1998.09.25,430.0,19.0,430.0,430.0,430.0,0.0
104,104,1998.09.26,429.0,1.0,429.0,429.0,429.0,0.0
105,105,1998.09.28,420.0,9.0,420.0,420.0,420.0,0.0
106,106,1998.09.29,470.0,50.0,470.0,470.0,470.0,3000.0
107,107,1998.09.30,448.0,22.0,448.0,448.0,448.0,0.0
108,108,1998.10.01,440.0,8.0,460.0,460.0,430.0,1840.0
109,109,1998.10.02,388.0,52.0,388.0,388.0,388.0,3000.0
110,110,1998.10.07,380.0,8.0,380.0,380.0,380.0,4500.0
111,111,1998.10.08,420.0,40.0,380.0,420.0,380.0,5500.0
112,112,1998.10.09,470.0,50.0,440.0,470.0,400.0,20050.0
113,113,1998.10.10,510.0,40.0,480.0,510.0,460.0,12260.0
114,114,1998.10.12,499.0,11.0,510.0,530.0,480.0,49900.0
115,115,1998.10.13,500.0,1.0,480.0,500.0,440.0,47830.0
116,116,1998.10.14,490.0,10.0,480.0,490.0,450.0,10000.0
117,117,1998.10.15,500.0,10.0,480.0,500.0,440.0,49030.0
118,118,1998.10.16,495.0,5.0,480.0,495.0,450.0,26120.0
119,119,1998.10.17,500.0,5.0,480.0,500.0,470.0,40400.0
120,120,1998.10.19,500.0,0.0,500.0,509.0,475.0,48760.0
121,121,1998.10.20,500.0,0.0,470.0,500.0,470.0,108100.0
122,122,1998.10.21,487.0,13.0,490.0,490.0,460.0,108560.0
123,123,1998.10.22,450.0,37.0,475.0,475.0,450.0,870.0
124,124,1998.10.23,450.0,0.0,450.0,450.0,450.0,4930.0
125,125,1998.10.24,445.0,5.0,450.0,450.0,400.0,8680.0
126,126,1998.10.26,420.0,25.0,400.0,420.0,400.0,5200.0
127,127,1998.10.27,435.0,15.0,430.0,439.0,370.0,16390.0
128,128,1998.10.28,420.0,15.0,434.0,434.0,420.0,21050.0
129,129,1998.10.29,400.0,20.0,410.0,410.0,400.0,2100.0
130,130,1998.10.30,420.0,20.0,448.0,448.0,420.0,1230.0
131,131,1998.10.31,400.0,20.0,410.0,420.0,400.0,4840.0
132,132,1998.11.02,400.0,0.0,400.0,420.0,400.0,10770.0
133,133,1998.11.03,400.0,0.0,400.0,400.0,370.0,12100.0
134,134,1998.11.04,400.0,0.0,380.0,400.0,380.0,10000.0
135,135,1998.11.05,405.0,5.0,400.0,405.0,400.0,21900.0
136,136,1998.11.06,390.0,15.0,400.0,400.0,385.0,56100.0
137,137,1998.11.07,390.0,0.0,391.0,391.0,390.0,7000.0
138,138,1998.11.09,400.0,10.0,380.0,400.0,380.0,37170.0
139,139,1998.11.10,370.0,30.0,400.0,400.0,370.0,19950.0
140,140,1998.11.11,380.0,10.0,390.0,390.0,380.0,2200.0
141,141,1998.11.12,390.0,10.0,390.0,390.0,380.0,4700.0
142,142,1998.11.13,390.0,0.0,390.0,390.0,370.0,56630.0
143,143,1998.11.14,410.0,20.0,398.0,420.0,380.0,5850.0
144,144,1998.11.16,400.0,10.0,410.0,410.0,400.0,3200.0
145,145,1998.11.17,400.0,0.0,371.0,400.0,360.0,20080.0
146,146,1998.11.18,370.0,30.0,380.0,390.0,370.0,19060.0
147,147,1998.11.19,390.0,20.0,380.0,390.0,380.0,26570.0
148,148,1998.11.20,390.0,0.0,390.0,390.0,370.0,34000.0
149,149,1998.11.21,385.0,5.0,375.0,385.0,370.0,55610.0
150,150,1998.11.23,390.0,5.0,390.0,400.0,385.0,27800.0
151,151,1998.11.24,367.0,23.0,380.0,380.0,366.0,27260.0
152,152,1998.11.25,371.0,4.0,370.0,400.0,370.0,38030.0
153,153,1998.11.26,385.0,14.0,380.0,389.0,373.0,62160.0
154,154,1998.11.27,387.0,2.0,390.0,390.0,380.0,18940.0
155,155,1998.11.28,385.0,2.0,390.0,390.0,375.0,38710.0
156,156,1998.11.30,385.0,0.0,380.0,385.0,380.0,29390.0
157,157,1998.12.01,380.0,5.0,389.0,389.0,380.0,45340.0
158,158,1998.12.02,380.0,0.0,420.0,420.0,380.0,25610.0
159,159,1998.12.03,425.0,45.0,382.0,425.0,382.0,82210.0
160,160,1998.12.04,476.0,51.0,430.0,476.0,430.0,104130.0
161,161,1998.12.05,469.0,7.0,475.0,475.0,440.0,65410.0
162,162,1998.12.07,490.0,21.0,470.0,500.0,470.0,104290.0
163,163,1998.12.08,460.0,30.0,450.0,500.0,450.0,132830.0
164,164,1998.12.09,460.0,0.0,470.0,500.0,406.0,95100.0
165,165,1998.12.10,450.0,10.0,480.0,480.0,410.0,124820.0
166,166,1998.12.11,450.0,0.0,450.0,450.0,435.0,55100.0
167,167,1998.12.14,490.0,40.0,411.0,500.0,410.0,92310.0
168,168,1998.12.15,499.0,9.0,500.0,500.0,450.0,70710.0
169,169,1998.12.16,455.0,44.0,500.0,558.0,445.0,123560.0
170,170,1998.12.17,420.0,35.0,420.0,450.0,405.0,58210.0
171,171,1998.12.18,465.0,45.0,400.0,470.0,400.0,20550.0
172,172,1998.12.21,440.0,25.0,410.0,460.0,410.0,173760.0
173,173,1998.12.22,438.0,2.0,440.0,450.0,400.0,66820.0
174,174,1998.12.23,409.0,29.0,401.0,450.0,390.0,185230.0
175,175,1998.12.24,425.0,16.0,409.0,430.0,400.0,36250.0
176,176,1998.12.28,420.0,5.0,460.0,460.0,410.0,94170.0
177,177,1999.01.04,421.0,1.0,430.0,430.0,420.0,87460.0
178,178,1999.01.05,409.0,12.0,421.0,421.0,403.0,60650.0
179,179,1999.01.06,419.0,10.0,400.0,420.0,400.0,73470.0
180,180,1999.01.07,400.0,19.0,430.0,430.0,400.0,63580.0
181,181,1999.01.08,405.0,5.0,411.0,420.0,400.0,67050.0
182,182,1999.01.11,453.0,48.0,445.0,453.0,411.0,128300.0
183,183,1999.01.12,507.0,54.0,505.0,507.0,500.0,393010.0
184,184,1999.01.13,567.0,60.0,567.0,567.0,567.0,164430.0
185,185,1999.01.14,635.0,68.0,635.0,635.0,635.0,180960.0
186,186,1999.01.15,711.0,76.0,711.0,711.0,711.0,59520.0
187,187,1999.01.18,796.0,85.0,796.0,796.0,796.0,239320.0
188,188,1999.01.19,880.0,84.0,891.0,891.0,820.0,889250.0
189,189,1999.01.20,810.0,70.0,880.0,880.0,775.0,941860.0
190,190,1999.01.21,907.0,97.0,810.0,907.0,800.0,608660.0
191,191,1999.01.22,970.0,63.0,1015.0,1015.0,900.0,789610.0
192,192,1999.01.25,900.0,70.0,950.0,970.0,854.0,419750.0
193,193,1999.01.26,810.0,90.0,890.0,920.0,795.0,310980.0
194,194,1999.01.27,800.0,10.0,771.0,850.0,726.0,254620.0
195,195,1999.01.28,860.0,60.0,810.0,896.0,802.0,686770.0
196,196,1999.01.29,963.0,103.0,870.0,963.0,850.0,1141440.0
197,197,1999.02.01,1075.0,112.0,1075.0,1075.0,1075.0,1154880.0
198,198,1999.02.02,1200.0,125.0,1200.0,1200.0,1130.0,1716260.0
199,199,1999.02.03,1170.0,30.0,1280.0,1330.0,1090.0,2031100.0
200,200,1999.02.04,1145.0,25.0,1170.0,1170.0,1030.0,668060.0
201,201,1999.02.05,1200.0,55.0,1150.0,1240.0,1150.0,1056070.0
202,202,1999.02.08,1070.0,130.0,1210.0,1260.0,1060.0,554150.0
203,203,1999.02.09,960.0,110.0,1080.0,1080.0,945.0,409650.0
204,204,1999.02.10,990.0,30.0,950.0,1050.0,870.0,287900.0
205,205,1999.02.11,970.0,20.0,930.0,1030.0,930.0,178710.0
206,206,1999.02.12,1020.0,50.0,970.0,1020.0,940.0,287960.0
207,207,1999.02.18,979.0,41.0,990.0,990.0,950.0,108150.0
208,208,1999.02.19,918.0,61.0,905.0,970.0,862.0,155050.0
209,209,1999.02.22,850.0,68.0,851.0,900.0,830.0,167370.0
210,210,1999.02.23,805.0,45.0,848.0,900.0,748.0,304940.0
211,211,1999.02.24,878.0,73.0,785.0,880.0,771.0,395990.0
212,212,1999.02.25,810.0,68.0,840.0,840.0,790.0,174230.0
213,213,1999.02.26,850.0,40.0,820.0,869.0,790.0,187480.0
214,214,1999.03.02,893.0,43.0,890.0,910.0,880.0,221320.0
215,215,1999.03.03,845.0,48.0,900.0,920.0,800.0,61130.0
216,216,1999.03.04,860.0,15.0,840.0,879.0,830.0,117470.0
217,217,1999.03.05,825.0,35.0,810.0,860.0,810.0,104950.0
218,218,1999.03.08,895.0,70.0,815.0,898.0,815.0,342030.0
219,219,1999.03.09,945.0,50.0,880.0,965.0,865.0,381390.0
220,220,1999.03.10,990.0,45.0,945.0,1010.0,940.0,468440.0
221,221,1999.03.11,980.0,10.0,990.0,1030.0,960.0,208100.0
222,222,1999.03.12,970.0,10.0,970.0,980.0,940.0,214010.0
223,223,1999.03.15,980.0,10.0,960.0,1085.0,960.0,120260.0
224,224,1999.03.16,980.0,0.0,1000.0,1000.0,960.0,87640.0
225,225,1999.03.17,960.0,20.0,950.0,960.0,900.0,248220.0
226,226,1999.03.18,929.0,31.0,960.0,999.0,900.0,147210.0
227,227,1999.03.19,950.0,21.0,920.0,950.0,890.0,73380.0
228,228,1999.03.22,1000.0,50.0,930.0,1000.0,885.0,195440.0
229,229,1999.03.23,935.0,65.0,935.0,950.0,920.0,53150.0
230,230,1999.03.24,950.0,15.0,949.0,950.0,906.0,81900.0
231,231,1999.03.25,1030.0,80.0,910.0,1060.0,900.0,994460.0
232,232,1999.03.26,990.0,40.0,1060.0,1075.0,970.0,734460.0
233,233,1999.03.29,920.0,70.0,980.0,980.0,899.0,168650.0
234,234,1999.03.30,900.0,20.0,920.0,920.0,890.0,160040.0
235,235,1999.03.31,928.0,28.0,900.0,939.0,894.0,199090.0
236,236,1999.04.01,990.0,62.0,970.0,1000.0,960.0,566060.0
237,237,1999.04.02,1000.0,10.0,1000.0,1020.0,980.0,370150.0
238,238,1999.04.06,979.0,21.0,1000.0,1000.0,950.0,272670.0
239,239,1999.04.07,1095.0,116.0,980.0,1095.0,975.0,497980.0
240,240,1999.04.08,1130.0,35.0,1140.0,1200.0,1095.0,769750.0
241,241,1999.04.09,1265.0,135.0,1145.0,1265.0,1130.0,1588480.0
242,242,1999.04.12,1415.0,150.0,1410.0,1415.0,1410.0,267520.0
243,243,1999.04.13,1580.0,165.0,1580.0,1580.0,1550.0,1003070.0
244,244,1999.04.14,1640.0,60.0,1670.0,1700.0,1570.0,1513630.0
245,245,1999.04.15,1800.0,160.0,1610.0,1835.0,1580.0,1207320.0
246,246,1999.04.16,1950.0,150.0,1830.0,1950.0,1830.0,811850.0
247,247,1999.04.19,2180.0,230.0,2050.0,2180.0,2050.0,1222950.0
248,248,1999.04.20,2440.0,260.0,2390.0,2440.0,2350.0,1919110.0
249,249,1999.04.21,2450.0,10.0,2490.0,2550.0,2300.0,1662750.0
250,250,1999.04.22,2160.0,290.0,2160.0,2160.0,2160.0,348270.0
251,251,1999.04.23,2020.0,140.0,1905.0,2300.0,1905.0,4223650.0
252,252,1999.04.26,1850.0,170.0,2240.0,2240.0,1810.0,2773010.0
253,253,1999.04.27,2070.0,220.0,1950.0,2070.0,1950.0,1313620.0
254,254,1999.04.28,2315.0,245.0,2315.0,2315.0,2200.0,1885480.0
255,255,1999.04.29,2590.0,275.0,2590.0,2590.0,2415.0,2552430.0
256,256,1999.04.30,2590.0,0.0,2500.0,2890.0,2450.0,3205430.0
257,257,1999.05.03,2900.0,310.0,2750.0,2900.0,2650.0,2042120.0
258,258,1999.05.04,3245.0,345.0,3245.0,3245.0,3245.0,741360.0
259,259,1999.05.06,3630.0,385.0,3630.0,3630.0,3630.0,240600.0
260,260,1999.05.07,4065.0,435.0,4065.0,4065.0,3900.0,1283860.0
261,261,1999.05.10,3580.0,485.0,3700.0,3700.0,3580.0,1679650.0
262,262,1999.05.11,4005.0,425.0,3710.0,4005.0,3650.0,1993310.0
263,263,1999.05.12,4050.0,45.0,4100.0,4140.0,3700.0,1684900.0
264,264,1999.05.13,3900.0,150.0,4000.0,4090.0,3800.0,1374780.0
265,265,1999.05.14,4200.0,300.0,3890.0,4365.0,3810.0,2185340.0
266,266,1999.05.17,3700.0,500.0,3910.0,3990.0,3700.0,1694960.0
267,267,1999.05.18,3260.0,440.0,3260.0,3300.0,3260.0,901700.0
268,268,1999.05.19,3440.0,180.0,3260.0,3500.0,3260.0,1558660.0
269,269,1999.05.20,3250.0,190.0,3500.0,3580.0,3200.0,1805060.0
270,270,1999.05.21,3160.0,90.0,3190.0,3200.0,3020.0,1387220.0
271,271,1999.05.24,3010.0,150.0,3100.0,3140.0,3000.0,847030.0
272,272,1999.05.25,3350.0,340.0,3020.0,3350.0,3000.0,997400.0
273,273,1999.05.26,3750.0,400.0,3600.0,3750.0,3500.0,1139930.0
274,274,1999.05.27,4000.0,250.0,3480.0,4200.0,3480.0,3338100.0
275,275,1999.05.28,3750.0,250.0,4010.0,4100.0,3655.0,1001290.0
276,276,1999.05.31,3300.0,450.0,3300.0,3300.0,3300.0,507870.0
277,277,1999.06.01,3695.0,395.0,3150.0,3695.0,3110.0,1096120.0
278,278,1999.06.02,4135.0,440.0,4135.0,4135.0,4135.0,393300.0
279,279,1999.06.03,4600.0,465.0,4630.0,4630.0,4370.0,2673240.0
280,280,1999.06.04,4100.0,500.0,4370.0,4490.0,4050.0,1630180.0
281,281,1999.06.07,4420.0,320.0,4200.0,4500.0,4200.0,2314000.0
282,282,1999.06.08,4350.0,70.0,4420.0,4500.0,4040.0,1855770.0
283,283,1999.06.09,4050.0,300.0,4150.0,4290.0,3950.0,1811590.0
284,284,1999.06.11,4280.0,230.0,4200.0,4280.0,4100.0,1388700.0
285,285,1999.06.14,4650.0,370.0,4320.0,4790.0,4310.0,2964820.0
286,286,1999.06.15,4230.0,420.0,4650.0,4650.0,4095.0,2018190.0
287,287,1999.06.16,4440.0,210.0,4350.0,4600.0,4260.0,1785060.0
288,288,1999.06.17,4410.0,30.0,4450.0,4500.0,4350.0,1295670.0
289,289,1999.06.18,4360.0,50.0,4360.0,4410.0,4300.0,1282850.0
290,290,1999.06.21,4880.0,520.0,4770.0,4880.0,4560.0,2051480.0
291,291,1999.06.23,4900.0,20.0,4400.0,4900.0,4300.0,1699420.0
292,292,1999.06.24,5000.0,100.0,5300.0,5300.0,4800.0,2436700.0
293,293,1999.06.25,4930.0,70.0,4900.0,5140.0,4810.0,1100220.0
294,294,1999.06.28,4760.0,170.0,4900.0,4990.0,4550.0,1283060.0
295,295,1999.06.29,4590.0,170.0,4600.0,4700.0,4400.0,1326420.0
296,296,1999.06.30,4740.0,150.0,4580.0,4770.0,4460.0,797190.0
297,297,1999.07.01,4750.0,10.0,4730.0,4850.0,4630.0,947960.0
298,298,1999.07.02,4730.0,20.0,4700.0,4740.0,4600.0,818000.0
299,299,1999.07.05,4750.0,20.0,4700.0,4950.0,4700.0,855490.0
300,300,1999.07.06,4800.0,50.0,4790.0,4840.0,4660.0,1074670.0
301,301,1999.07.07,4850.0,50.0,4800.0,5100.0,4750.0,1320950.0
302,302,1999.07.08,4800.0,50.0,4900.0,4950.0,4770.0,1031940.0
303,303,1999.07.09,4700.0,100.0,4750.0,4750.0,4680.0,1116010.0
304,304,1999.07.12,4750.0,50.0,4860.0,4950.0,4700.0,1529780.0
305,305,1999.07.13,5320.0,570.0,4820.0,5320.0,4810.0,1796400.0
306,306,1999.07.14,5780.0,460.0,5700.0,5950.0,5400.0,2538820.0
307,307,1999.07.15,5600.0,180.0,5500.0,5900.0,5410.0,1393010.0
308,308,1999.07.16,5410.0,190.0,5420.0,5500.0,5270.0,1933210.0
309,309,1999.07.19,5510.0,100.0,5500.0,5780.0,5320.0,1325060.0
310,310,1999.07.20,5400.0,110.0,5500.0,5500.0,5290.0,1012280.0
311,311,1999.07.21,5190.0,210.0,5350.0,5390.0,5100.0,1028480.0
312,312,1999.07.22,5000.0,190.0,5000.0,5100.0,4810.0,1132250.0
313,313,1999.07.23,4940.0,60.0,5000.0,5390.0,4850.0,1271260.0
314,314,1999.07.26,4350.0,590.0,4800.0,4840.0,4350.0,1037260.0
315,315,1999.07.27,4420.0,70.0,4050.0,4500.0,4050.0,1408640.0
316,316,1999.07.28,4570.0,150.0,4460.0,4820.0,4360.0,1085600.0
317,317,1999.07.29,4510.0,60.0,4500.0,4570.0,4410.0,1089560.0
318,318,1999.07.30,4310.0,200.0,4500.0,4500.0,4250.0,932430.0
319,319,1999.08.02,4080.0,230.0,4190.0,4300.0,4030.0,932300.0
320,320,1999.08.03,4350.0,270.0,4100.0,4470.0,4080.0,918320.0
321,321,1999.08.04,4430.0,80.0,4400.0,4520.0,4355.0,598000.0
322,322,1999.08.05,4480.0,50.0,4390.0,4600.0,4360.0,1387580.0
323,323,1999.08.06,4440.0,40.0,4430.0,4520.0,4300.0,496880.0
324,324,1999.08.09,4970.0,530.0,4410.0,4970.0,4310.0,1208600.0
325,325,1999.08.10,4680.0,290.0,4970.0,4970.0,4605.0,820010.0
326,326,1999.08.11,4680.0,0.0,4600.0,4990.0,4510.0,819660.0
327,327,1999.08.12,4730.0,50.0,4580.0,4900.0,4560.0,685020.0
328,328,1999.08.13,4640.0,90.0,4730.0,4800.0,4500.0,644320.0
329,329,1999.08.16,4905.0,265.0,4850.0,5150.0,4700.0,1418430.0
330,330,1999.08.17,4460.0,445.0,4800.0,5050.0,4360.0,814610.0
331,331,1999.08.18,4200.0,260.0,4400.0,4400.0,3925.0,792410.0
332,332,1999.08.19,4200.0,0.0,4200.0,4200.0,4200.0,0.0
333,333,1999.08.20,4200.0,0.0,4200.0,4200.0,4200.0,0.0
334,334,1999.08.23,4700.0,500.0,4700.0,4700.0,4510.0,589617.0
335,335,1999.08.24,5260.0,560.0,5250.0,5260.0,5060.0,1751919.0
336,336,1999.08.25,5820.0,560.0,5750.0,5850.0,5510.0,3468292.0
337,337,1999.08.26,5210.0,610.0,5650.0,5650.0,5200.0,1590686.0
338,338,1999.08.27,5250.0,40.0,5100.0,5600.0,5050.0,1201905.0
339,339,1999.08.30,5100.0,150.0,5100.0,5300.0,4820.0,1082216.0
340,340,1999.08.31,5000.0,100.0,4850.0,5000.0,4750.0,961007.0
341,341,1999.09.01,4670.0,330.0,4900.0,4920.0,4610.0,742954.0
342,342,1999.09.02,4400.0,270.0,4350.0,4550.0,4220.0,839615.0
343,343,1999.09.03,4620.0,220.0,4400.0,4770.0,4230.0,1004358.0
344,344,1999.09.06,4730.0,110.0,4450.0,4830.0,4440.0,847730.0
345,345,1999.09.07,4540.0,190.0,4700.0,4800.0,4500.0,700242.0
346,346,1999.09.08,4490.0,50.0,4550.0,4600.0,4360.0,699779.0
347,347,1999.09.09,4390.0,100.0,4350.0,4450.0,4320.0,562505.0
348,348,1999.09.10,4480.0,90.0,4350.0,4530.0,4350.0,601996.0
349,349,1999.09.13,4590.0,110.0,4700.0,4700.0,4400.0,737238.0
350,350,1999.09.14,4380.0,210.0,4500.0,4500.0,4350.0,401686.0
351,351,1999.09.15,4390.0,10.0,4360.0,4610.0,4250.0,994055.0
352,352,1999.09.16,4250.0,140.0,4390.0,4400.0,4220.0,541694.0
353,353,1999.09.17,4110.0,140.0,4100.0,4110.0,3940.0,807503.0
354,354,1999.09.20,4130.0,20.0,4080.0,4190.0,4000.0,494223.0
355,355,1999.09.21,4030.0,100.0,4000.0,4100.0,3950.0,509528.0
356,356,1999.09.22,4200.0,170.0,4010.0,4200.0,3920.0,808471.0
357,357,1999.09.27,4140.0,60.0,4090.0,4190.0,3970.0,367111.0
358,358,1999.09.28,3950.0,190.0,4050.0,4050.0,3850.0,442056.0
359,359,1999.09.29,3710.0,240.0,3850.0,3880.0,3550.0,746890.0
360,360,1999.09.30,3550.0,160.0,3600.0,3830.0,3360.0,921678.0
361,361,1999.10.01,3350.0,200.0,3550.0,3700.0,3130.0,970713.0
362,362,1999.10.04,3320.0,30.0,3410.0,3450.0,3200.0,478177.0
363,363,1999.10.05,3450.0,130.0,3220.0,3710.0,3220.0,1995781.0
364,364,1999.10.06,3510.0,60.0,3510.0,3740.0,3360.0,1050109.0
365,365,1999.10.07,3630.0,120.0,3500.0,3680.0,3400.0,1091689.0
366,366,1999.10.08,4060.0,430.0,3830.0,4060.0,3670.0,1615524.0
367,367,1999.10.11,4540.0,480.0,4540.0,4540.0,4540.0,338108.0
368,368,1999.10.12,5080.0,540.0,5080.0,5080.0,5080.0,138726.0
369,369,1999.10.13,5680.0,600.0,5680.0,5680.0,5680.0,517088.0
370,370,1999.10.14,6360.0,680.0,6360.0,6360.0,5810.0,11782917.0
371,371,1999.10.15,6360.0,0.0,6360.0,6360.0,5810.0,11782917.0
372,372,1999.10.18,7940.0,1580.0,7000.0,7970.0,6770.0,6483237.0
373,373,1999.10.19,6990.0,950.0,7740.0,8350.0,6990.0,8290787.0
374,374,1999.10.20,7010.0,20.0,6910.0,7400.0,6300.0,11483711.0
375,375,1999.10.21,6480.0,530.0,7160.0,7290.0,6200.0,5420703.0
376,376,1999.10.22,7250.0,770.0,6620.0,7250.0,6600.0,7313023.0
377,377,1999.10.25,7780.0,530.0,7500.0,8090.0,7220.0,8147426.0
378,378,1999.10.26,8180.0,400.0,7790.0,8500.0,7510.0,7514575.0
379,379,1999.10.27,7770.0,410.0,8180.0,8980.0,7680.0,7915781.0
380,380,1999.10.28,7860.0,90.0,7900.0,8110.0,7310.0,5672032.0
381,381,1999.10.29,8800.0,940.0,8370.0,8800.0,8030.0,7650969.0
382,382,1999.11.01,9330.0,530.0,9500.0,9820.0,9060.0,7194199.0
383,383,1999.11.02,10400.0,1070.0,9300.0,10400.0,8950.0,9821631.0
384,384,1999.11.03,10700.0,300.0,10600.0,11500.0,10100.0,7473269.0
385,385,1999.11.04,11300.0,600.0,11500.0,11600.0,10600.0,5840770.0
386,386,1999.11.05,12650.0,1350.0,11300.0,12650.0,11000.0,8763896.0
387,387,1999.11.08,14150.0,1500.0,13000.0,14150.0,13000.0,2592568.0
388,388,1999.11.09,14900.0,750.0,15500.0,15500.0,13000.0,6513874.0
389,389,1999.11.10,16650.0,1750.0,15000.0,16650.0,14150.0,6310769.0
390,390,1999.11.11,18600.0,1950.0,17500.0,18600.0,17200.0,6816683.0
391,391,1999.11.15,17700.0,900.0,18600.0,19100.0,17000.0,5434811.0
392,392,1999.11.16,17400.0,300.0,17300.0,19300.0,16400.0,6869136.0
393,393,1999.11.17,15350.0,2050.0,17600.0,18400.0,15350.0,6268313.0
394,394,1999.11.18,17100.0,1750.0,15600.0,17100.0,14100.0,8415354.0
395,395,1999.11.19,17400.0,300.0,17300.0,18500.0,16650.0,7760647.0
396,396,1999.11.22,17200.0,200.0,17400.0,18350.0,16800.0,3961703.0
397,397,1999.11.23,17300.0,100.0,17600.0,17900.0,16650.0,4997800.0
398,398,1999.11.24,19350.0,2050.0,17300.0,19350.0,17300.0,4446393.0
399,399,1999.11.25,21650.0,2300.0,20800.0,21650.0,20500.0,2251923.0
400,400,1999.11.26,24000.0,2350.0,24200.0,24200.0,20100.0,9096705.0
401,401,1999.11.29,24000.0,0.0,22000.0,26450.0,21800.0,7577512.0
402,402,1999.11.30,23000.0,1000.0,24000.0,25500.0,22500.0,6231505.0
403,403,1999.12.01,20500.0,2500.0,22200.0,23500.0,20250.0,4982965.0
404,404,1999.12.02,19400.0,1100.0,20600.0,21600.0,18150.0,4774409.0
405,405,1999.12.03,21700.0,2300.0,20500.0,21700.0,19300.0,5963777.0
406,406,1999.12.06,24300.0,2600.0,23700.0,24300.0,23000.0,3144444.0
407,407,1999.12.07,25300.0,1000.0,25300.0,27200.0,24000.0,6223631.0
408,408,1999.12.08,25600.0,300.0,25800.0,27500.0,24300.0,5724414.0
409,409,1999.12.09,25200.0,400.0,25000.0,26800.0,24600.0,5022478.0
410,410,1999.12.10,27000.0,1800.0,25800.0,28200.0,25500.0,6755756.0
411,411,1999.12.13,30200.0,3200.0,27800.0,30200.0,25000.0,5376599.0
412,412,1999.12.14,32450.0,2250.0,30900.0,33800.0,29800.0,6214214.0
413,413,1999.12.15,32000.0,450.0,29500.0,35000.0,29500.0,4491648.0
414,414,1999.12.16,31100.0,900.0,35800.0,35800.0,28500.0,6406267.0
415,415,1999.12.17,27450.0,3650.0,29000.0,30000.0,27400.0,3931348.0
416,416,1999.12.20,29800.0,2350.0,27500.0,30000.0,27450.0,2798417.0
417,417,1999.12.21,32300.0,2500.0,30200.0,32850.0,30200.0,3610533.0
418,418,1999.12.22,36150.0,3850.0,33800.0,36150.0,33300.0,4124168.0
419,419,1999.12.23,40450.0,4300.0,38800.0,40450.0,38300.0,1514456.0
420,420,1999.12.24,41400.0,950.0,41800.0,44000.0,37000.0,3675005.0
421,421,1999.12.27,47000.0,5600.0,42000.0,47000.0,41000.0,5473495.0
422,422,1999.12.28,52600.0,5600.0,48100.0,52600.0,48000.0,2758642.0
423,423,2000.01.04,57000.0,4400.0,58900.0,58900.0,47100.0,3295470.0
424,424,2000.01.05,50200.0,6800.0,50200.0,54000.0,50200.0,3851207.0
425,425,2000.01.06,44200.0,6000.0,52000.0,53000.0,44200.0,2540267.0
426,426,2000.01.07,38900.0,5300.0,38900.0,39400.0,38900.0,3158873.0
427,427,2000.01.10,40500.0,1600.0,40900.0,41900.0,34500.0,4076870.0
428,428,2000.01.11,45350.0,4850.0,44000.0,45350.0,43150.0,3134865.0
429,429,2000.01.12,43500.0,1850.0,39950.0,47000.0,39950.0,3615486.0
430,430,2000.01.13,38600.0,4900.0,42500.0,42500.0,38300.0,3676074.0
431,431,2000.01.14,34000.0,4600.0,40000.0,40900.0,34000.0,3671299.0
432,432,2000.01.17,34000.0,0.0,34500.0,35600.0,30000.0,3559158.0
433,433,2000.01.18,33200.0,800.0,32100.0,34850.0,31500.0,4245376.0
434,434,2000.01.19,29250.0,3950.0,34900.0,34900.0,29250.0,3383071.0
435,435,2000.01.20,26500.0,2750.0,27200.0,28000.0,25750.0,5083325.0
436,436,2000.01.21,26000.0,500.0,26000.0,28400.0,24500.0,4623709.0
437,437,2000.01.24,29100.0,3100.0,26500.0,29100.0,26100.0,5473934.0
438,438,2000.01.25,27250.0,1850.0,27100.0,29600.0,26600.0,4866169.0
439,439,2000.01.26,25700.0,1550.0,28300.0,28500.0,24300.0,3531404.0
440,440,2000.01.27,22650.0,3050.0,24000.0,24450.0,22650.0,3257082.0
441,441,2000.01.28,23600.0,950.0,21150.0,24400.0,20900.0,5108761.0
442,442,2000.01.31,26400.0,2800.0,22100.0,26400.0,22100.0,5708951.0
443,443,2000.02.02,33050.0,6650.0,30000.0,33050.0,30000.0,3845650.0
444,444,2000.02.03,37000.0,3950.0,34350.0,37000.0,34350.0,3920940.0
445,445,2000.02.07,41400.0,4400.0,41250.0,41400.0,40200.0,1812868.0
446,446,2000.02.08,36800.0,4600.0,43000.0,45500.0,36500.0,9147566.0
447,447,2000.02.09,41200.0,4400.0,39800.0,41200.0,38100.0,6630484.0
448,448,2000.02.10,42000.0,800.0,39000.0,45700.0,38200.0,10003330.0
449,449,2000.02.11,47000.0,5000.0,44950.0,47000.0,44500.0,7157741.0
450,450,2000.02.14,46700.0,300.0,47000.0,51900.0,43000.0,8390727.0
451,451,2000.02.15,41100.0,5600.0,47100.0,48400.0,41100.0,5615698.0
452,452,2000.02.16,44200.0,3100.0,39500.0,45000.0,37000.0,9742273.0
453,453,2000.02.17,45400.0,1200.0,43950.0,48400.0,42200.0,8551361.0
454,454,2000.02.18,44500.0,900.0,47900.0,48400.0,44150.0,6804334.0
455,455,2000.02.21,40800.0,3700.0,41000.0,46000.0,40100.0,5510806.0
456,456,2000.02.22,39500.0,1300.0,42100.0,43000.0,37550.0,4859859.0
457,457,2000.02.23,40000.0,500.0,38000.0,41450.0,36000.0,4983944.0
458,458,2000.02.24,44800.0,4800.0,43400.0,44800.0,42250.0,4096849.0
459,459,2000.02.25,42600.0,2200.0,47000.0,47500.0,42000.0,7015817.0
460,460,2000.02.28,40700.0,1900.0,42000.0,44200.0,39600.0,4547332.0
461,461,2000.02.29,40600.0,100.0,42000.0,42400.0,39100.0,4736834.0
462,462,2000.03.02,40800.0,200.0,43000.0,44000.0,39600.0,4408094.0
463,463,2000.03.03,38750.0,2050.0,39000.0,39500.0,37000.0,2942379.0
464,464,2000.03.06,38300.0,450.0,40100.0,41000.0,37500.0,2614980.0
465,465,2000.03.07,36900.0,1400.0,36500.0,39300.0,35800.0,2500892.0
466,466,2000.03.08,35900.0,1000.0,35500.0,36450.0,34550.0,3265405.0
467,467,2000.03.09,40200.0,4300.0,36500.0,40200.0,36200.0,4779119.0
468,468,2000.03.10,39300.0,900.0,41700.0,43800.0,38550.0,5356768.0
469,469,2000.03.13,36850.0,2450.0,39300.0,40300.0,36500.0,2569055.0
470,470,2000.03.14,36050.0,800.0,35000.0,37800.0,34800.0,2195376.0
471,471,2000.03.15,35500.0,550.0,35300.0,36400.0,34500.0,2573884.0
472,472,2000.04.28,19600.0,15900.0,19100.0,19850.0,18750.0,2044001.0
473,473,2000.05.01,19600.0,0.0,19100.0,19850.0,18750.0,2044001.0
474,474,2000.05.02,21100.0,1500.0,20300.0,21800.0,19800.0,4077902.0
475,475,2000.05.03,20200.0,900.0,20800.0,21000.0,19950.0,1955422.0
476,476,2000.05.04,20650.0,450.0,21000.0,21400.0,20500.0,2598103.0
477,477,2000.05.08,20800.0,150.0,21500.0,22200.0,20500.0,3653189.0
478,478,2000.05.09,20150.0,650.0,20200.0,20450.0,19850.0,1307113.0
479,479,2000.05.10,19800.0,350.0,19500.0,20400.0,19500.0,1885523.0
480,480,2000.05.12,18500.0,1300.0,19300.0,19600.0,18200.0,2335185.0
481,481,2000.05.15,16300.0,2200.0,18000.0,18000.0,16300.0,2159912.0
482,482,2000.05.18,12000.0,4300.0,12250.0,12700.0,12000.0,2930250.0
483,483,2000.05.19,13400.0,1400.0,11050.0,13400.0,10700.0,10267872.0
484,484,2000.05.22,11800.0,1600.0,13400.0,14300.0,11800.0,7396932.0
485,485,2000.05.23,12350.0,550.0,11200.0,13150.0,10850.0,9162702.0
486,486,2000.05.24,11400.0,950.0,12000.0,12700.0,11000.0,7425158.0
487,487,2000.05.25,12750.0,1350.0,12200.0,12750.0,11900.0,4245899.0
488,488,2000.05.26,11700.0,1050.0,12500.0,13850.0,11500.0,10313653.0
489,489,2000.05.29,11800.0,100.0,11400.0,12350.0,11000.0,3861193.0
490,490,2000.05.30,13200.0,1400.0,12300.0,13200.0,12000.0,7383342.0
491,491,2000.05.31,14750.0,1550.0,14200.0,14750.0,14000.0,3226637.0
492,492,2000.06.01,14900.0,150.0,15100.0,16200.0,14550.0,11021751.0
493,493,2000.06.02,15900.0,1000.0,16000.0,16650.0,15250.0,9255985.0
494,494,2000.06.05,16900.0,1000.0,16700.0,17350.0,16350.0,7294688.0
495,495,2000.06.07,16900.0,0.0,16900.0,17600.0,16100.0,9966711.0
496,496,2000.06.08,16600.0,300.0,17500.0,17900.0,15850.0,8889094.0
497,497,2000.06.09,15650.0,950.0,16000.0,16300.0,14850.0,4617832.0
498,498,2000.06.12,17500.0,1850.0,15700.0,17500.0,15700.0,8321108.0
499,499,2000.06.13,15400.0,2100.0,17900.0,18650.0,15400.0,10011848.0
500,500,2000.06.14,15700.0,300.0,16000.0,16400.0,15100.0,4574176.0
501,501,2000.06.15,13850.0,1850.0,15300.0,15400.0,13850.0,3110324.0
502,502,2000.06.16,14900.0,1050.0,13100.0,15400.0,13050.0,6616087.0
503,503,2000.06.19,14000.0,900.0,14600.0,15700.0,14000.0,5562905.0
504,504,2000.06.20,15650.0,1650.0,15100.0,15650.0,14800.0,3595773.0
505,505,2000.06.21,17500.0,1850.0,17000.0,17500.0,16700.0,3059485.0
506,506,2000.06.22,16150.0,1350.0,18100.0,18600.0,15600.0,13760296.0
507,507,2000.06.23,16800.0,650.0,15800.0,17400.0,15550.0,5400289.0
508,508,2000.06.26,18800.0,2000.0,17000.0,18800.0,16600.0,11011154.0
509,509,2000.06.27,18300.0,500.0,19500.0,20150.0,17600.0,13441104.0
510,510,2000.06.28,19100.0,800.0,18000.0,20200.0,17850.0,12558898.0
511,511,2000.06.29,17800.0,1300.0,19500.0,19700.0,17300.0,6291606.0
512,512,2000.06.30,18100.0,300.0,17600.0,19300.0,17500.0,6409139.0
513,513,2000.07.03,17950.0,150.0,17800.0,18650.0,17800.0,2711316.0
514,514,2000.07.04,17050.0,900.0,17800.0,18000.0,16850.0,2972393.0
515,515,2000.07.05,15550.0,1500.0,16100.0,16650.0,15050.0,5682213.0
516,516,2000.07.06,15950.0,400.0,15000.0,16500.0,14250.0,8612422.0
517,517,2000.07.07,15800.0,150.0,16250.0,16450.0,15300.0,4280452.0
518,518,2000.07.10,15350.0,450.0,15800.0,16100.0,15100.0,2615563.0
519,519,2000.07.11,14250.0,1100.0,15050.0,15500.0,14000.0,4233807.0
520,520,2000.07.12,15950.0,1700.0,14450.0,15950.0,14050.0,8006557.0
521,521,2000.07.13,15000.0,950.0,15950.0,16250.0,14900.0,6417484.0
522,522,2000.07.14,15000.0,0.0,15500.0,15600.0,14700.0,2213483.0
523,523,2000.07.18,14400.0,600.0,15100.0,15350.0,14050.0,2017629.0
524,524,2000.07.19,13900.0,500.0,14000.0,14200.0,13500.0,2327464.0
525,525,2000.07.20,14100.0,200.0,14000.0,14700.0,13400.0,5443715.0
526,526,2000.07.21,13700.0,400.0,14250.0,14350.0,13500.0,1829950.0
527,527,2000.07.24,12200.0,1500.0,13300.0,13450.0,12100.0,1946029.0
528,528,2000.07.25,12700.0,500.0,11600.0,13300.0,11100.0,3694800.0
529,529,2000.07.26,12250.0,450.0,12700.0,12900.0,11850.0,2695193.0
530,530,2000.07.27,11950.0,300.0,12000.0,12400.0,11850.0,1418170.0
531,531,2000.07.28,11100.0,850.0,11600.0,11800.0,10900.0,1680258.0
532,532,2000.07.31,12400.0,1300.0,10800.0,12400.0,10800.0,3931804.0
533,533,2000.08.01,12650.0,250.0,12850.0,13150.0,12400.0,5072935.0
534,534,2000.08.02,12800.0,150.0,12650.0,13800.0,12150.0,5435087.0
535,535,2000.08.03,13150.0,350.0,12800.0,13600.0,12800.0,3793315.0
536,536,2000.08.04,12500.0,650.0,13200.0,13400.0,12500.0,2188204.0
537,537,2000.08.07,12000.0,500.0,12750.0,12950.0,11800.0,1744563.0
538,538,2000.08.08,12250.0,250.0,12100.0,13100.0,11900.0,3969187.0
539,539,2000.08.09,12650.0,400.0,12350.0,12750.0,12100.0,2262960.0
540,540,2000.08.10,12450.0,200.0,12650.0,12800.0,12300.0,1392383.0
541,541,2000.08.11,12150.0,300.0,12450.0,12650.0,12100.0,1445059.0
542,542,2000.08.14,12200.0,50.0,12250.0,12400.0,12100.0,934373.0
543,543,2000.08.16,12250.0,50.0,12300.0,12500.0,12050.0,1491881.0
544,544,2000.08.17,11850.0,400.0,12250.0,12350.0,11800.0,1085544.0
545,545,2000.08.18,12000.0,150.0,11850.0,12300.0,11550.0,1684509.0
546,546,2000.08.21,11550.0,450.0,11700.0,12000.0,11400.0,957532.0
547,547,2000.08.22,12350.0,800.0,11700.0,12700.0,11700.0,4345480.0
548,548,2000.08.23,11500.0,850.0,12350.0,12400.0,11350.0,1810919.0
549,549,2000.08.24,12300.0,800.0,12200.0,12850.0,11600.0,7518940.0
550,550,2000.08.25,12700.0,400.0,12500.0,13250.0,12150.0,7476543.0
551,551,2000.08.28,14200.0,1500.0,13300.0,14200.0,13150.0,6877552.0
552,552,2000.08.29,13850.0,350.0,14400.0,14600.0,13700.0,6569198.0
553,553,2000.08.30,14050.0,200.0,14050.0,14550.0,13900.0,4127679.0
554,554,2000.08.31,13100.0,950.0,14050.0,14050.0,12600.0,5007091.0
555,555,2000.09.01,13200.0,100.0,13350.0,13800.0,12800.0,4036404.0
556,556,2000.09.04,12800.0,400.0,13000.0,13500.0,12700.0,1728998.0
557,557,2000.09.05,12600.0,200.0,12600.0,12850.0,12100.0,2523816.0
558,558,2000.09.06,12250.0,350.0,12300.0,12700.0,12150.0,1864872.0
559,559,2000.09.07,11650.0,600.0,12000.0,12450.0,11500.0,3478492.0
560,560,2000.09.08,11800.0,150.0,11700.0,11900.0,11400.0,1765069.0
561,561,2000.09.14,11900.0,100.0,11500.0,11900.0,11100.0,1262376.0
562,562,2000.09.15,11400.0,500.0,11600.0,12200.0,11350.0,1650984.0
563,563,2000.09.18,10100.0,1300.0,10700.0,10800.0,10050.0,2232598.0
564,564,2000.09.19,9670.0,430.0,10000.0,10350.0,9400.0,2118681.0
565,565,2000.09.20,9930.0,260.0,10100.0,10400.0,9760.0,1997140.0
566,566,2000.09.21,8960.0,970.0,9600.0,9800.0,8850.0,1746559.0
567,567,2000.09.22,7890.0,1070.0,8760.0,8800.0,7890.0,1771815.0
568,568,2000.09.25,8390.0,500.0,7910.0,8700.0,7700.0,2954785.0
569,569,2000.09.26,8240.0,150.0,8000.0,8630.0,8000.0,2843122.0
570,570,2000.09.27,9220.0,980.0,8400.0,9220.0,8310.0,3147501.0
571,571,2000.09.28,9450.0,230.0,9600.0,9880.0,9120.0,4772249.0
572,572,2000.09.29,9480.0,30.0,9700.0,9850.0,9290.0,2968440.0
573,573,2000.10.02,9640.0,160.0,9100.0,10300.0,9000.0,4230461.0
574,574,2000.10.04,9340.0,300.0,9200.0,9750.0,9160.0,2075670.0
575,575,2000.10.05,9560.0,220.0,9460.0,10200.0,9460.0,3872245.0
576,576,2000.10.06,9430.0,130.0,9400.0,9810.0,9320.0,2180840.0
577,577,2000.10.09,9040.0,390.0,9560.0,9780.0,8820.0,2522429.0
578,578,2000.10.10,9300.0,260.0,9140.0,9480.0,9010.0,1902381.0
579,579,2000.10.11,8320.0,980.0,8940.0,9080.0,8200.0,1614924.0
580,580,2000.10.12,8190.0,130.0,8000.0,8380.0,7880.0,1193255.0
581,581,2000.10.13,7450.0,740.0,7510.0,7690.0,7250.0,1185575.0
582,582,2000.10.16,8340.0,890.0,7910.0,8340.0,7910.0,1191532.0
583,583,2000.10.17,7650.0,690.0,8480.0,8640.0,7340.0,2353726.0
584,584,2000.10.18,7510.0,140.0,7460.0,7760.0,6990.0,2433946.0
585,585,2000.10.19,7380.0,130.0,7510.0,7700.0,7270.0,1638962.0
586,586,2000.10.20,7470.0,90.0,7800.0,7980.0,7410.0,2082578.0
587,587,2000.10.23,6720.0,750.0,7280.0,7370.0,6640.0,2324568.0
588,588,2000.10.24,6720.0,0.0,6720.0,7020.0,6510.0,3076550.0
589,589,2000.10.25,6560.0,160.0,6700.0,6800.0,6530.0,1401420.0
590,590,2000.10.26,6140.0,420.0,6210.0,6350.0,6000.0,1793540.0
591,591,2000.10.27,5740.0,400.0,6190.0,6340.0,5700.0,2167582.0
592,592,2000.10.30,5060.0,680.0,5500.0,5550.0,5060.0,2387006.0
593,593,2000.10.31,5500.0,440.0,4860.0,5630.0,4470.0,6927465.0
594,594,2000.11.01,5270.0,230.0,5610.0,5730.0,5220.0,4476373.0
595,595,2000.11.02,5670.0,400.0,5200.0,5850.0,5120.0,5721439.0
596,596,2000.11.03,5630.0,40.0,5790.0,6090.0,5560.0,5070458.0
597,597,2000.11.06,5500.0,130.0,5500.0,5770.0,5400.0,2534341.0
598,598,2000.11.07,5400.0,100.0,5500.0,5750.0,5380.0,2731577.0
599,599,2000.11.08,5140.0,260.0,5400.0,5470.0,5110.0,1667458.0
600,600,2000.11.09,5260.0,120.0,5010.0,5530.0,5010.0,2613374.0
601,601,2000.11.10,5160.0,100.0,5100.0,5350.0,5080.0,1893600.0
602,602,2000.11.13,4780.0,380.0,5010.0,5070.0,4710.0,1506696.0
603,603,2000.11.14,4940.0,160.0,4730.0,4990.0,4730.0,1598250.0
604,604,2000.11.15,5120.0,180.0,5130.0,5500.0,5050.0,5170495.0
605,605,2000.11.16,4930.0,190.0,5190.0,5190.0,4870.0,2155735.0
606,606,2000.11.17,4910.0,20.0,4870.0,4930.0,4810.0,1119733.0
607,607,2000.11.20,4820.0,90.0,4760.0,5120.0,4760.0,3026667.0
608,608,2000.11.21,4490.0,330.0,4700.0,4700.0,4310.0,2707022.0
609,609,2000.11.22,4380.0,110.0,4400.0,4740.0,4270.0,4783578.0
610,610,2000.11.23,3880.0,500.0,4300.0,4300.0,3860.0,2678858.0
611,611,2000.11.24,3880.0,0.0,3810.0,4000.0,3710.0,2612214.0
612,612,2000.11.27,4130.0,250.0,3950.0,4200.0,3940.0,6445904.0
613,613,2000.11.28,3750.0,380.0,4070.0,4070.0,3730.0,2563922.0
614,614,2000.11.29,3320.0,430.0,3510.0,3550.0,3300.0,2698166.0
615,615,2000.11.30,3450.0,130.0,3390.0,3670.0,3030.0,7938488.0
616,616,2000.12.01,3480.0,30.0,3200.0,3620.0,3140.0,10020549.0
617,617,2000.12.04,3330.0,150.0,3590.0,3720.0,3310.0,6264965.0
618,618,2000.12.05,3720.0,390.0,3380.0,3720.0,3260.0,5207480.0
619,619,2000.12.06,3470.0,250.0,3900.0,4000.0,3440.0,8408634.0
620,620,2000.12.07,3390.0,80.0,3350.0,3550.0,3310.0,3009317.0
621,621,2000.12.08,3790.0,400.0,3380.0,3790.0,3350.0,7412362.0
622,622,2000.12.11,3820.0,30.0,3890.0,4020.0,3680.0,11816247.0
623,623,2000.12.12,3590.0,230.0,3850.0,3860.0,3550.0,4075886.0
624,624,2000.12.13,3680.0,90.0,3600.0,3750.0,3550.0,5284797.0
625,625,2000.12.14,3630.0,50.0,3500.0,3710.0,3500.0,3361438.0
626,626,2000.12.15,3420.0,210.0,3550.0,3600.0,3400.0,2593223.0
627,627,2000.12.18,3490.0,70.0,3280.0,3670.0,3280.0,7814223.0
628,628,2000.12.19,3160.0,330.0,3400.0,3480.0,3130.0,3824737.0
629,629,2000.12.20,2990.0,170.0,3060.0,3280.0,2880.0,4932253.0
630,630,2000.12.21,2660.0,330.0,2880.0,2930.0,2650.0,4584164.0
631,631,2000.12.22,2400.0,260.0,2660.0,2790.0,2350.0,4904135.0
632,632,2000.12.26,2430.0,30.0,2500.0,2610.0,2360.0,6810581.0
633,633,2001.01.02,2720.0,290.0,2360.0,2720.0,2360.0,2287008.0
634,634,2001.01.03,3040.0,320.0,2740.0,3040.0,2700.0,9579304.0
635,635,2001.01.04,3400.0,360.0,3400.0,3400.0,3400.0,249160.0
636,636,2001.01.05,3800.0,400.0,3800.0,3800.0,3610.0,7555779.0
637,637,2001.01.08,4250.0,450.0,3790.0,4250.0,3650.0,11167807.0
638,638,2001.01.09,4760.0,510.0,4410.0,4760.0,4260.0,9634293.0
639,639,2001.01.10,4300.0,460.0,5000.0,5330.0,4260.0,19822674.0
640,640,2001.01.11,4810.0,510.0,4690.0,4810.0,4460.0,13412141.0
641,641,2001.01.12,5380.0,570.0,5380.0,5380.0,5380.0,3439735.0
642,642,2001.01.15,6020.0,640.0,6020.0,6020.0,6020.0,418271.0
643,643,2001.01.16,6740.0,720.0,6600.0,6740.0,6150.0,18908320.0
644,644,2001.01.17,7540.0,800.0,6740.0,7540.0,6520.0,25347722.0
645,645,2001.01.18,6640.0,900.0,7500.0,7990.0,6640.0,26450118.0
646,646,2001.01.19,6600.0,40.0,6810.0,7350.0,6030.0,34790687.0
647,647,2001.01.22,7390.0,790.0,6600.0,7390.0,6530.0,21057498.0
648,648,2001.01.26,7690.0,300.0,7520.0,8200.0,7440.0,27593357.0
649,649,2001.01.29,7150.0,540.0,7600.0,7900.0,6950.0,17365269.0
650,650,2001.01.30,6930.0,220.0,7200.0,7520.0,6750.0,12989307.0
651,651,2001.01.31,7760.0,830.0,6800.0,7760.0,6250.0,27536451.0
652,652,2001.02.01,7300.0,460.0,7560.0,8550.0,7100.0,28489182.0
653,653,2001.02.02,7230.0,70.0,7550.0,7680.0,7060.0,11724953.0
654,654,2001.02.05,6410.0,820.0,6850.0,7040.0,6370.0,6814717.0
655,655,2001.02.06,7100.0,690.0,6500.0,7100.0,6320.0,13033998.0
656,656,2001.02.07,6590.0,510.0,6950.0,7250.0,6510.0,10366003.0
657,657,2001.02.08,6820.0,230.0,6780.0,7010.0,6670.0,7883693.0
658,658,2001.02.09,6780.0,40.0,6800.0,6970.0,6700.0,5205563.0
659,659,2001.02.12,6900.0,120.0,6510.0,7150.0,6510.0,7910274.0
660,660,2001.02.13,6930.0,30.0,7200.0,7280.0,6820.0,5481193.0
661,661,2001.02.14,6910.0,20.0,6850.0,7090.0,6800.0,3875028.0
662,662,2001.02.15,7730.0,820.0,7110.0,7730.0,6980.0,13325114.0
663,663,2001.02.16,7830.0,100.0,8000.0,8600.0,7630.0,29150903.0
664,664,2001.02.19,7970.0,140.0,7830.0,8170.0,7680.0,9985482.0
665,665,2001.02.20,7650.0,320.0,8100.0,8130.0,7470.0,9340125.0
666,666,2001.02.21,7150.0,500.0,7150.0,7390.0,7110.0,5018485.0
667,667,2001.02.22,6600.0,550.0,7000.0,7020.0,6470.0,5771943.0
668,668,2001.02.23,6820.0,220.0,6500.0,6930.0,6500.0,4733045.0
669,669,2001.02.26,6900.0,80.0,6960.0,7100.0,6740.0,2723361.0
670,670,2001.02.27,6580.0,320.0,7160.0,7280.0,6550.0,3962542.0
671,671,2001.02.28,6740.0,160.0,6320.0,7130.0,6230.0,7386255.0
672,672,2001.03.02,6010.0,730.0,6720.0,6830.0,6010.0,3767816.0
673,673,2001.03.05,6730.0,720.0,5900.0,6730.0,5520.0,9321500.0
674,674,2001.03.06,6300.0,430.0,6730.0,6940.0,6100.0,12082145.0
675,675,2001.03.07,6270.0,30.0,6600.0,6680.0,6160.0,4522052.0
676,676,2001.03.08,6650.0,380.0,6410.0,6970.0,6330.0,9369847.0
677,677,2001.03.09,6330.0,320.0,6360.0,6530.0,6270.0,4144689.0
678,678,2001.03.12,5900.0,430.0,6010.0,6140.0,5800.0,3432747.0
679,679,2001.03.13,5630.0,270.0,5500.0,6080.0,5360.0,9261389.0
680,680,2001.03.14,5970.0,340.0,6050.0,6130.0,5900.0,6277351.0
681,681,2001.03.15,5960.0,10.0,5520.0,6240.0,5520.0,8157567.0
682,682,2001.03.16,5770.0,190.0,5950.0,6040.0,5660.0,3201775.0
683,683,2001.03.19,5780.0,10.0,5570.0,5930.0,5550.0,5386335.0
684,684,2001.03.20,5640.0,140.0,5920.0,6050.0,5600.0,5670012.0
685,685,2001.03.21,5350.0,290.0,5350.0,5610.0,5300.0,5186892.0
686,686,2001.03.22,5060.0,290.0,5300.0,5390.0,4960.0,5138100.0
687,687,2001.03.23,4970.0,90.0,5110.0,5190.0,4930.0,3543043.0
688,688,2001.03.26,5110.0,140.0,5020.0,5150.0,5020.0,3250204.0
689,689,2001.03.27,4970.0,140.0,5080.0,5130.0,4960.0,2476520.0
690,690,2001.03.28,4760.0,210.0,5100.0,5160.0,4730.0,2653066.0
691,691,2001.03.29,4540.0,220.0,4610.0,4750.0,4210.0,5975723.0
692,692,2001.03.30,4480.0,60.0,4500.0,4530.0,4150.0,6676177.0
693,693,2001.04.02,4650.0,170.0,4480.0,4940.0,4360.0,13091011.0
694,694,2001.04.03,4210.0,440.0,4420.0,4470.0,4200.0,3904302.0
695,695,2001.04.04,3950.0,260.0,4030.0,4180.0,3940.0,3609517.0
696,696,2001.04.06,4250.0,300.0,4390.0,4400.0,4200.0,5667668.0
697,697,2001.04.09,3980.0,270.0,4110.0,4200.0,3950.0,2400155.0
698,698,2001.04.10,3900.0,80.0,4100.0,4130.0,3880.0,2460806.0
699,699,2001.04.11,4070.0,170.0,4160.0,4170.0,3960.0,3766862.0
700,700,2001.04.12,4130.0,60.0,4030.0,4300.0,4030.0,5866214.0
701,701,2001.04.13,4100.0,30.0,4270.0,4270.0,4040.0,2376950.0
702,702,2001.04.16,4030.0,70.0,4060.0,4170.0,4010.0,1641432.0
703,703,2001.04.17,4020.0,10.0,3970.0,4080.0,3960.0,1924255.0
704,704,2001.04.18,4500.0,480.0,4130.0,4500.0,4120.0,8640984.0
705,705,2001.04.19,5040.0,540.0,5040.0,5040.0,4920.0,3495041.0
706,706,2001.04.20,5230.0,190.0,5210.0,5500.0,4990.0,13606659.0
707,707,2001.04.23,5850.0,620.0,5150.0,5850.0,5150.0,13656238.0
708,708,2001.04.24,5850.0,0.0,5650.0,6140.0,5540.0,19768382.0
709,709,2001.04.25,5510.0,340.0,5850.0,5970.0,5440.0,7624867.0
710,710,2001.04.26,5400.0,110.0,5700.0,5770.0,5400.0,6010977.0
711,711,2001.04.27,5160.0,240.0,5250.0,5460.0,5060.0,4231330.0
712,712,2001.04.30,5770.0,610.0,5220.0,5770.0,5220.0,8208268.0
713,713,2001.05.02,6030.0,260.0,6240.0,6440.0,5960.0,12622379.0
714,714,2001.05.03,5720.0,310.0,6030.0,6050.0,5610.0,6720011.0
715,715,2001.05.04,6220.0,500.0,5540.0,6250.0,5500.0,12055612.0
716,716,2001.05.07,6460.0,240.0,6420.0,6700.0,6330.0,15235039.0
717,717,2001.05.08,6200.0,260.0,6300.0,6460.0,6120.0,6202480.0
718,718,2001.05.09,6030.0,170.0,6150.0,6540.0,6020.0,7993934.0
719,719,2001.05.10,6230.0,200.0,6050.0,6290.0,5960.0,5742970.0
720,720,2001.05.11,6140.0,90.0,6230.0,6300.0,6030.0,6085528.0
721,721,2001.05.14,6220.0,80.0,6100.0,6400.0,6080.0,8978757.0
722,722,2001.05.15,6020.0,200.0,6200.0,6260.0,6020.0,3731930.0
723,723,2001.05.16,5710.0,310.0,6020.0,6080.0,5700.0,3823031.0
724,724,2001.05.17,6130.0,420.0,6080.0,6200.0,5980.0,7173894.0
725,725,2001.05.18,5880.0,250.0,5990.0,6050.0,5850.0,2908416.0
726,726,2001.05.21,5920.0,40.0,6000.0,6130.0,5880.0,3411994.0
727,727,2001.05.22,6000.0,80.0,6200.0,6310.0,5940.0,4557379.0
728,728,2001.05.23,5840.0,160.0,6000.0,6120.0,5810.0,4115724.0
729,729,2001.05.24,5830.0,10.0,5700.0,5920.0,5660.0,3310959.0
730,730,2001.05.25,5800.0,30.0,5830.0,5920.0,5760.0,2916234.0
731,731,2001.05.28,5690.0,110.0,5750.0,5800.0,5670.0,1830234.0
732,732,2001.05.29,5890.0,200.0,5520.0,5890.0,5520.0,3428634.0
733,733,2001.05.30,5710.0,180.0,5690.0,5780.0,5680.0,1984682.0
734,734,2001.05.31,5500.0,210.0,5530.0,5580.0,5420.0,2014596.0
735,735,2001.06.01,5330.0,170.0,5500.0,5570.0,5310.0,1977917.0
736,736,2001.06.04,5240.0,90.0,5230.0,5390.0,5230.0,1407052.0
737,737,2001.06.05,5230.0,10.0,5260.0,5560.0,5220.0,3395913.0
738,738,2001.06.07,5150.0,80.0,5210.0,5300.0,5060.0,1681180.0
739,739,2001.06.08,5550.0,400.0,5350.0,5680.0,5230.0,5168885.0
740,740,2001.06.11,5230.0,320.0,5400.0,5400.0,5200.0,2205568.0
741,741,2001.06.12,5270.0,40.0,5210.0,5450.0,5170.0,2265714.0
742,742,2001.06.13,5280.0,10.0,5300.0,5370.0,5240.0,1720643.0
743,743,2001.06.14,5240.0,40.0,5200.0,5290.0,5180.0,1220129.0
744,744,2001.06.15,5260.0,20.0,5130.0,5300.0,5120.0,1433073.0
745,745,2001.06.18,5150.0,110.0,5200.0,5230.0,5130.0,1022384.0
746,746,2001.06.19,5160.0,10.0,5080.0,5220.0,5070.0,1273244.0
747,747,2001.06.20,4910.0,250.0,5150.0,5160.0,4770.0,1666788.0
748,748,2001.06.21,4960.0,50.0,5000.0,5100.0,4940.0,1714288.0
749,749,2001.06.22,4820.0,140.0,4930.0,4960.0,4810.0,1145334.0
750,750,2001.06.25,4660.0,160.0,4700.0,4770.0,4650.0,1188310.0
751,751,2001.06.26,4500.0,160.0,4660.0,4730.0,4470.0,1172271.0
752,752,2001.06.27,4600.0,100.0,4430.0,4740.0,4410.0,2937787.0
753,753,2001.06.28,4450.0,150.0,4600.0,4620.0,4440.0,1125734.0
754,754,2001.06.29,4600.0,150.0,4700.0,4730.0,4540.0,1498792.0
755,755,2001.07.02,4550.0,50.0,4600.0,4640.0,4530.0,775642.0
756,756,2001.07.03,4600.0,50.0,4570.0,4750.0,4520.0,2165638.0
757,757,2001.07.04,4570.0,30.0,4550.0,4630.0,4500.0,840541.0
758,758,2001.07.05,4510.0,60.0,4570.0,4650.0,4500.0,738184.0
759,759,2001.07.06,4310.0,200.0,4320.0,4400.0,4280.0,908616.0
760,760,2001.07.09,3960.0,350.0,4100.0,4160.0,3850.0,1368966.0
761,761,2001.07.10,3990.0,30.0,4050.0,4080.0,3960.0,886426.0
762,762,2001.07.11,3800.0,190.0,3760.0,3950.0,3680.0,1374577.0
763,763,2001.07.12,4250.0,450.0,4010.0,4250.0,3980.0,2121113.0
764,764,2001.07.13,4050.0,200.0,4510.0,4670.0,4030.0,5740447.0
765,765,2001.07.16,4350.0,300.0,4130.0,4360.0,4020.0,3192491.0
766,766,2001.07.18,4070.0,280.0,4400.0,4420.0,4050.0,2274696.0
767,767,2001.07.19,4300.0,230.0,3950.0,4440.0,3920.0,7198845.0
768,768,2001.07.20,4190.0,110.0,4200.0,4650.0,4100.0,6799219.0
769,769,2001.07.23,4180.0,10.0,4290.0,4370.0,4100.0,4895805.0
770,770,2001.07.24,4300.0,120.0,4180.0,4400.0,3980.0,6033346.0
771,771,2001.07.25,4170.0,130.0,4200.0,4340.0,4150.0,2938498.0
772,772,2001.07.26,4170.0,0.0,4220.0,4350.0,4100.0,2410249.0
773,773,2001.07.27,4250.0,80.0,4330.0,4340.0,4210.0,2560616.0
774,774,2001.07.30,4120.0,130.0,4250.0,4280.0,4120.0,1366279.0
775,775,2001.07.31,4160.0,40.0,4120.0,4210.0,4120.0,1333275.0
776,776,2001.08.01,4650.0,490.0,4160.0,4650.0,4160.0,9866659.0
777,777,2001.08.02,4640.0,10.0,4720.0,4850.0,4520.0,9901581.0
778,778,2001.08.03,4570.0,70.0,4700.0,4750.0,4490.0,3610226.0
779,779,2001.08.06,4610.0,40.0,4550.0,4810.0,4490.0,6242121.0
780,780,2001.08.07,4600.0,10.0,4510.0,4620.0,4420.0,3131534.0
781,781,2001.08.08,4510.0,90.0,4570.0,4680.0,4500.0,2433247.0
782,782,2001.08.09,4360.0,150.0,4400.0,4450.0,4330.0,1997341.0
783,783,2001.08.10,4370.0,10.0,4440.0,4440.0,4330.0,1267021.0
784,784,2001.08.13,4250.0,120.0,4300.0,4390.0,4220.0,1386158.0
785,785,2001.08.14,4380.0,130.0,4250.0,4530.0,4240.0,4010605.0
786,786,2001.08.16,4240.0,140.0,4280.0,4320.0,4180.0,1653846.0
787,787,2001.08.17,4330.0,90.0,4310.0,4510.0,4280.0,4256686.0
788,788,2001.08.20,4220.0,110.0,4180.0,4240.0,4140.0,1434075.0
789,789,2001.08.21,4220.0,0.0,4310.0,4380.0,4180.0,1751536.0
790,790,2001.08.22,4360.0,140.0,4090.0,4360.0,4090.0,2489344.0
791,791,2001.08.23,4180.0,180.0,4350.0,4440.0,4180.0,1997633.0
792,792,2001.08.24,4300.0,120.0,4250.0,4360.0,4160.0,3078731.0
793,793,2001.08.27,4260.0,40.0,4450.0,4460.0,4260.0,2886914.0
794,794,2001.08.28,4200.0,60.0,4200.0,4320.0,4190.0,1500149.0
795,795,2001.08.29,4020.0,180.0,4140.0,4160.0,3960.0,1571670.0
796,796,2001.08.30,3980.0,40.0,3950.0,4050.0,3840.0,1657495.0
797,797,2001.08.31,3690.0,290.0,3800.0,3860.0,3580.0,1325644.0
798,798,2001.09.03,3780.0,90.0,3700.0,3890.0,3630.0,1969161.0
799,799,2001.09.04,3910.0,130.0,3720.0,3910.0,3670.0,1706922.0
800,800,2001.09.05,3800.0,110.0,3750.0,3850.0,3750.0,996989.0
801,801,2001.09.06,4070.0,270.0,3820.0,4250.0,3820.0,6499400.0
802,802,2001.09.07,4100.0,30.0,4000.0,4220.0,3960.0,4873839.0
803,803,2001.09.10,4010.0,90.0,4050.0,4120.0,3980.0,2414806.0
804,804,2001.09.11,3940.0,70.0,4120.0,4160.0,3910.0,2689553.0
805,805,2001.09.12,3470.0,470.0,3470.0,3470.0,3470.0,125408.0
806,806,2001.09.13,3320.0,150.0,3330.0,3500.0,3220.0,5632288.0
807,807,2001.09.14,2930.0,390.0,3350.0,3390.0,2930.0,3888490.0
808,808,2001.09.17,2600.0,330.0,2900.0,2930.0,2580.0,4622227.0
809,809,2001.09.18,2910.0,310.0,2880.0,2910.0,2770.0,6247475.0
810,810,2001.09.19,2910.0,0.0,2910.0,3170.0,2860.0,9428547.0
811,811,2001.09.20,2830.0,80.0,2870.0,2970.0,2730.0,4206053.0
812,812,2001.09.21,3160.0,330.0,2730.0,3160.0,2650.0,12194489.0
813,813,2001.09.24,3240.0,80.0,3210.0,3470.0,3060.0,20631025.0
814,814,2001.09.25,2990.0,250.0,3410.0,3460.0,2910.0,10566710.0
815,815,2001.09.26,3020.0,30.0,3100.0,3150.0,2950.0,6195245.0
816,816,2001.09.27,3060.0,40.0,2920.0,3140.0,2920.0,6524096.0
817,817,2001.09.28,3220.0,160.0,3100.0,3360.0,3070.0,13990223.0
818,818,2001.10.04,3600.0,380.0,3490.0,3600.0,3450.0,8950630.0
819,819,2001.10.05,3350.0,250.0,3500.0,3560.0,3340.0,7126054.0
820,820,2001.10.08,3300.0,50.0,3270.0,3520.0,3110.0,9931774.0
821,821,2001.10.09,3660.0,360.0,3500.0,3690.0,3460.0,17201294.0
822,822,2001.10.10,3470.0,190.0,3580.0,3680.0,3450.0,14401833.0
823,823,2001.10.11,3500.0,30.0,3690.0,3720.0,3470.0,6689288.0
824,824,2001.10.12,3580.0,80.0,3610.0,3880.0,3540.0,16031407.0
825,825,2001.10.15,3590.0,10.0,3740.0,3750.0,3570.0,6418544.0
826,826,2001.10.16,3570.0,20.0,3580.0,3700.0,3480.0,11883457.0
827,827,2001.10.17,3600.0,30.0,3600.0,3670.0,3550.0,5236509.0
828,828,2001.10.18,3580.0,20.0,3470.0,3870.0,3470.0,12087209.0
829,829,2001.10.19,3530.0,50.0,3580.0,3630.0,3480.0,3449116.0
830,830,2001.10.22,3550.0,20.0,3560.0,3600.0,3510.0,2498390.0
831,831,2001.10.23,3560.0,10.0,3610.0,3710.0,3550.0,6184485.0
832,832,2001.10.24,3630.0,70.0,3540.0,3830.0,3540.0,15130354.0
833,833,2001.10.25,3560.0,70.0,3700.0,3700.0,3530.0,3662864.0
834,834,2001.10.26,3560.0,0.0,3630.0,3630.0,3510.0,2519727.0
835,835,2001.10.29,3520.0,40.0,3520.0,3610.0,3510.0,2069541.0
836,836,2001.10.30,3340.0,180.0,3430.0,3460.0,3330.0,1838949.0
837,837,2001.10.31,3390.0,50.0,3310.0,3390.0,3260.0,2768992.0
838,838,2001.11.01,3440.0,50.0,3370.0,3590.0,3350.0,6244266.0
839,839,2001.11.02,3390.0,50.0,3500.0,3520.0,3350.0,2463649.0
840,840,2001.11.05,3420.0,30.0,3400.0,3480.0,3390.0,1727494.0
841,841,2001.11.06,3440.0,20.0,3460.0,3560.0,3430.0,2354439.0
842,842,2001.11.07,3370.0,70.0,3470.0,3480.0,3360.0,1518391.0
843,843,2001.11.08,3360.0,10.0,3350.0,3450.0,3350.0,1765228.0
844,844,2001.11.09,3380.0,20.0,3340.0,3400.0,3340.0,1301730.0
845,845,2001.11.12,3520.0,140.0,3380.0,3540.0,3380.0,3579686.0
846,846,2001.11.13,3540.0,20.0,3510.0,3570.0,3430.0,2372599.0
847,847,2001.11.14,3690.0,150.0,3620.0,3790.0,3600.0,5910702.0
848,848,2001.11.15,3470.0,220.0,3750.0,3760.0,3310.0,6005301.0
849,849,2001.11.16,3460.0,10.0,3430.0,3460.0,3350.0,2035267.0
850,850,2001.11.19,3480.0,20.0,3430.0,3550.0,3430.0,3061459.0
851,851,2001.11.20,3470.0,10.0,3510.0,3660.0,3420.0,6300319.0
852,852,2001.11.21,3450.0,20.0,3500.0,3570.0,3430.0,4055438.0
853,853,2001.11.22,3430.0,20.0,3450.0,3470.0,3410.0,1841350.0
854,854,2001.11.23,3470.0,40.0,3410.0,3630.0,3410.0,11209528.0
855,855,2001.11.26,3550.0,80.0,3520.0,3700.0,3480.0,10032724.0
856,856,2001.11.27,3790.0,240.0,3750.0,3970.0,3720.0,23626775.0
857,857,2001.11.28,3650.0,140.0,3910.0,4030.0,3550.0,17390930.0
858,858,2001.11.29,3630.0,20.0,3600.0,3680.0,3490.0,7091120.0
859,859,2001.11.30,3480.0,150.0,3640.0,3680.0,3450.0,11269462.0
860,860,2001.12.03,3340.0,140.0,3410.0,3460.0,3260.0,6120111.0
861,861,2001.12.04,3340.0,0.0,3270.0,3490.0,3270.0,7929686.0
862,862,2001.12.05,3350.0,10.0,3390.0,3450.0,3320.0,5768534.0
863,863,2001.12.06,3380.0,30.0,3500.0,3600.0,3310.0,6681195.0
864,864,2001.12.07,3480.0,100.0,3390.0,3670.0,3370.0,16742715.0
865,865,2001.12.10,3820.0,340.0,3500.0,3820.0,3460.0,11611551.0
866,866,2001.12.11,3550.0,270.0,3750.0,3760.0,3530.0,7851494.0
867,867,2001.12.12,3970.0,420.0,3590.0,3970.0,3570.0,17214236.0
868,868,2001.12.13,3830.0,140.0,4060.0,4160.0,3780.0,22929420.0
869,869,2001.12.14,3770.0,60.0,3800.0,4010.0,3740.0,9744772.0
870,870,2001.12.17,3540.0,230.0,3770.0,3810.0,3500.0,7005948.0
871,871,2001.12.18,3360.0,180.0,3550.0,3640.0,3360.0,5351715.0
872,872,2001.12.19,3250.0,110.0,3360.0,3430.0,3170.0,4942770.0
873,873,2001.12.20,3300.0,50.0,3220.0,3380.0,3220.0,4439585.0
874,874,2001.12.21,3090.0,210.0,3160.0,3250.0,3050.0,3201664.0
875,875,2001.12.24,3110.0,20.0,3110.0,3250.0,3060.0,4049948.0
876,876,2001.12.26,3210.0,100.0,3110.0,3330.0,3100.0,5204215.0
877,877,2001.12.27,3300.0,90.0,3350.0,3360.0,3220.0,5626368.0
878,878,2001.12.28,3390.0,90.0,3330.0,3450.0,3290.0,5022313.0
879,879,2002.01.02,3420.0,30.0,3430.0,3470.0,3400.0,3378169.0
880,880,2002.01.03,3320.0,100.0,3440.0,3470.0,3290.0,5173738.0
881,881,2002.01.04,3430.0,110.0,3390.0,3590.0,3370.0,10778958.0
882,882,2002.01.07,3390.0,40.0,3490.0,3530.0,3370.0,5829895.0
883,883,2002.01.08,3290.0,100.0,3350.0,3410.0,3280.0,3614907.0
884,884,2002.01.09,3360.0,70.0,3290.0,3410.0,3280.0,4569651.0
885,885,2002.01.10,3360.0,0.0,3330.0,3450.0,3270.0,6810633.0
886,886,2002.01.11,3310.0,50.0,3380.0,3430.0,3300.0,2863128.0
887,887,2002.01.14,3310.0,0.0,3310.0,3410.0,3290.0,3544726.0
888,888,2002.01.15,3180.0,130.0,3260.0,3330.0,3180.0,3051163.0
889,889,2002.01.16,3340.0,160.0,3180.0,3510.0,3170.0,11144670.0
890,890,2002.01.17,3210.0,130.0,3290.0,3320.0,3160.0,4349902.0
891,891,2002.01.18,3140.0,70.0,3260.0,3270.0,3140.0,3581682.0
892,892,2002.01.21,3120.0,20.0,3090.0,3140.0,3070.0,2410582.0
893,893,2002.01.22,3140.0,20.0,3100.0,3210.0,3100.0,3696521.0
894,894,2002.01.23,3150.0,10.0,3100.0,3240.0,3100.0,4411601.0
895,895,2002.01.24,3100.0,50.0,3180.0,3190.0,3100.0,3184346.0
896,896,2002.01.25,3100.0,0.0,3120.0,3170.0,3080.0,3864687.0
897,897,2002.01.28,3320.0,220.0,3100.0,3400.0,3100.0,11345330.0
898,898,2002.01.29,3160.0,160.0,3310.0,3320.0,3160.0,4613453.0
899,899,2002.01.30,3110.0,50.0,3100.0,3110.0,3050.0,3223247.0
900,900,2002.01.31,3100.0,10.0,3110.0,3160.0,3090.0,3100043.0
901,901,2002.02.01,3070.0,30.0,3110.0,3210.0,3070.0,4924995.0
902,902,2002.02.04,2990.0,80.0,3060.0,3120.0,2980.0,2809302.0
903,903,2002.02.05,2900.0,90.0,2940.0,2950.0,2860.0,2968060.0
904,904,2002.02.06,2920.0,20.0,2880.0,2950.0,2860.0,2641363.0
905,905,2002.02.07,2720.0,200.0,2870.0,2920.0,2710.0,2217687.0
906,906,2002.02.08,2740.0,20.0,2690.0,2780.0,2690.0,1640533.0
907,907,2002.02.14,2800.0,60.0,2780.0,2850.0,2770.0,1823480.0
908,908,2002.02.15,2740.0,60.0,2720.0,2790.0,2710.0,1981019.0
909,909,2002.02.18,2720.0,20.0,2740.0,2790.0,2680.0,2292215.0
910,910,2002.02.19,2720.0,0.0,2750.0,2790.0,2700.0,2062201.0
911,911,2002.02.20,2640.0,80.0,2680.0,2710.0,2630.0,1776438.0
912,912,2002.02.21,2570.0,70.0,2670.0,2690.0,2540.0,2120073.0
913,913,2002.02.22,2710.0,140.0,2520.0,2850.0,2430.0,8660319.0
914,914,2002.02.25,2680.0,30.0,2710.0,2910.0,2650.0,7820626.0
915,915,2002.02.26,2590.0,90.0,2750.0,2770.0,2560.0,2800404.0
916,916,2002.02.27,2600.0,10.0,2560.0,2680.0,2560.0,2641999.0
917,917,2002.02.28,2750.0,150.0,2600.0,2840.0,2600.0,9012171.0
918,918,2002.03.04,2980.0,230.0,2860.0,3040.0,2830.0,9090115.0
919,919,2002.03.05,2860.0,120.0,3050.0,3120.0,2840.0,7610786.0
920,920,2002.03.06,2900.0,40.0,2870.0,3020.0,2810.0,8320848.0
921,921,2002.03.07,2780.0,120.0,2910.0,3000.0,2770.0,4461506.0
922,922,2002.03.08,2780.0,0.0,2770.0,2840.0,2740.0,2390841.0
923,923,2002.03.11,2780.0,0.0,2800.0,2830.0,2780.0,2358520.0
924,924,2002.03.12,2810.0,30.0,2800.0,2920.0,2800.0,4894259.0
925,925,2002.03.13,2760.0,50.0,2800.0,2850.0,2760.0,2500396.0
926,926,2002.03.14,2770.0,10.0,2760.0,2800.0,2720.0,2158966.0
927,927,2002.03.15,2740.0,30.0,2730.0,2810.0,2730.0,3467005.0
928,928,2002.03.18,2920.0,180.0,2750.0,3030.0,2750.0,13839865.0
929,929,2002.03.19,2850.0,70.0,2950.0,2950.0,2830.0,5244938.0
930,930,2002.03.20,2770.0,80.0,2870.0,2910.0,2770.0,4413418.0
931,931,2002.03.21,2740.0,30.0,2730.0,2780.0,2720.0,2423411.0
932,932,2002.03.22,2780.0,40.0,2770.0,2930.0,2760.0,9644534.0
933,933,2002.03.25,2720.0,60.0,2800.0,2820.0,2710.0,3853040.0
934,934,2002.03.26,2650.0,70.0,2710.0,2740.0,2640.0,2254052.0
935,935,2002.03.27,2650.0,0.0,2650.0,2710.0,2640.0,2373207.0
936,936,2002.03.28,2610.0,40.0,2640.0,2720.0,2610.0,3063408.0
937,937,2002.03.29,2560.0,50.0,2600.0,2640.0,2540.0,1926976.0
938,938,2002.04.01,2420.0,140.0,2550.0,2590.0,2420.0,2661492.0
939,939,2002.04.02,2440.0,20.0,2430.0,2480.0,2420.0,1687335.0
940,940,2002.04.03,2410.0,30.0,2400.0,2530.0,2390.0,2585089.0
941,941,2002.04.04,2360.0,50.0,2370.0,2420.0,2340.0,2440848.0
942,942,2002.04.08,2320.0,40.0,2360.0,2390.0,2320.0,2363251.0
943,943,2002.04.09,2270.0,50.0,2330.0,2360.0,2270.0,2283687.0
944,944,2002.04.10,2140.0,130.0,2240.0,2290.0,2090.0,5264407.0
945,945,2002.04.11,2140.0,0.0,2180.0,2210.0,2130.0,2052139.0
946,946,2002.04.12,2200.0,60.0,2070.0,2220.0,2070.0,3067760.0
947,947,2002.04.15,2380.0,180.0,2230.0,2460.0,2220.0,11574483.0
948,948,2002.04.16,2310.0,70.0,2370.0,2420.0,2280.0,5607125.0
949,949,2002.04.17,2340.0,30.0,2400.0,2440.0,2330.0,4382881.0
950,950,2002.04.18,2280.0,60.0,2290.0,2380.0,2270.0,2631666.0
951,951,2002.04.19,2190.0,90.0,2230.0,2280.0,2150.0,2497783.0
952,952,2002.04.22,2100.0,90.0,2170.0,2210.0,2090.0,2352689.0
953,953,2002.04.23,2050.0,50.0,2070.0,2120.0,2030.0,2186563.0
954,954,2002.04.24,2050.0,0.0,2070.0,2130.0,2030.0,2091271.0
955,955,2002.04.25,1950.0,100.0,2030.0,2070.0,1950.0,1765639.0
956,956,2002.04.26,1970.0,20.0,1960.0,2010.0,1950.0,1468586.0
957,957,2002.04.29,1880.0,90.0,1920.0,1940.0,1860.0,1547942.0
958,958,2002.04.30,1880.0,0.0,1870.0,1910.0,1850.0,1821289.0
959,959,2002.05.02,1910.0,30.0,1900.0,1950.0,1890.0,2375516.0
960,960,2002.05.03,1880.0,30.0,1900.0,1920.0,1850.0,1387695.0
961,961,2002.05.06,1950.0,70.0,1880.0,2050.0,1870.0,5701106.0
962,962,2002.05.07,1920.0,30.0,1920.0,1990.0,1890.0,2340063.0
963,963,2002.05.08,1970.0,50.0,1980.0,2030.0,1950.0,3270636.0
964,964,2002.05.09,1950.0,20.0,2030.0,2040.0,1940.0,2521750.0
965,965,2002.05.10,1900.0,50.0,1930.0,1980.0,1900.0,1281538.0
966,966,2002.05.13,1910.0,10.0,1880.0,1960.0,1870.0,2420793.0
967,967,2002.05.14,1920.0,10.0,1930.0,1970.0,1910.0,1801203.0
968,968,2002.05.15,1920.0,0.0,1950.0,1970.0,1920.0,1646893.0
969,969,2002.05.16,1900.0,20.0,1920.0,1950.0,1900.0,1214283.0
970,970,2002.05.17,2120.0,220.0,1910.0,2120.0,1900.0,6993926.0
971,971,2002.05.20,2070.0,50.0,2200.0,2290.0,2060.0,10848632.0
972,972,2002.05.21,2010.0,60.0,2070.0,2120.0,1990.0,3539745.0
973,973,2002.05.22,2150.0,140.0,2010.0,2230.0,1990.0,9892100.0
974,974,2002.05.23,2020.0,130.0,2100.0,2150.0,2010.0,3115409.0
975,975,2002.05.24,2040.0,20.0,2040.0,2160.0,2030.0,4835561.0
976,976,2002.05.27,1990.0,50.0,2010.0,2110.0,1990.0,3004684.0
977,977,2002.05.28,2050.0,60.0,2010.0,2050.0,1950.0,2643669.0
978,978,2002.05.29,2040.0,10.0,2010.0,2110.0,1970.0,6313384.0
979,979,2002.05.30,2050.0,10.0,2000.0,2110.0,2000.0,4978410.0
980,980,2002.05.31,2290.0,240.0,2130.0,2290.0,2120.0,5327665.0
981,981,2002.06.03,2240.0,50.0,2350.0,2400.0,2190.0,15914318.0
982,982,2002.06.04,2460.0,220.0,2260.0,2460.0,2220.0,16008097.0
983,983,2002.06.05,2350.0,110.0,2450.0,2470.0,2350.0,8838398.0
984,984,2002.06.07,2070.0,280.0,2310.0,2320.0,2070.0,6884074.0
985,985,2002.06.10,2010.0,60.0,2030.0,2070.0,1970.0,7959892.0
986,986,2002.06.11,1990.0,20.0,2010.0,2060.0,1990.0,5703828.0
987,987,2002.06.12,1940.0,50.0,1980.0,2020.0,1920.0,4329405.0
988,988,2002.06.14,2020.0,80.0,1940.0,2120.0,1940.0,8063382.0
989,989,2002.06.17,2020.0,0.0,2050.0,2080.0,2000.0,3363237.0
990,990,2002.06.18,1980.0,40.0,2080.0,2080.0,1980.0,2830992.0
991,991,2002.06.19,1820.0,160.0,1980.0,2000.0,1780.0,3525492.0
992,992,2002.06.20,1840.0,20.0,1810.0,1890.0,1780.0,2870535.0
993,993,2002.06.21,1870.0,30.0,1800.0,1890.0,1790.0,2802089.0
994,994,2002.06.24,1780.0,90.0,1820.0,1840.0,1760.0,1754711.0
995,995,2002.06.25,1640.0,140.0,1800.0,1830.0,1600.0,2378492.0
996,996,2002.06.26,1460.0,180.0,1540.0,1570.0,1450.0,2987420.0
997,997,2002.06.27,1550.0,90.0,1550.0,1600.0,1490.0,4607950.0
998,998,2002.06.28,1600.0,50.0,1560.0,1660.0,1560.0,3597916.0
999,999,2002.07.02,1620.0,20.0,1500.0,1690.0,1500.0,3934864.0
1000,1000,2002.07.03,1810.0,190.0,1610.0,1810.0,1570.0,8150751.0
1001,1001,2002.07.04,1760.0,50.0,1840.0,1850.0,1750.0,6973077.0
1002,1002,2002.07.05,1760.0,0.0,1780.0,1850.0,1760.0,5290768.0
1003,1003,2002.07.08,1730.0,30.0,1840.0,1850.0,1710.0,3895048.0
1004,1004,2002.07.09,1850.0,120.0,1730.0,1900.0,1720.0,9120687.0
1005,1005,2002.07.10,1840.0,10.0,1810.0,1880.0,1800.0,6520528.0
1006,1006,2002.07.11,2030.0,190.0,1870.0,2060.0,1840.0,19701129.0
1007,1007,2002.07.12,1970.0,60.0,2050.0,2050.0,1940.0,8087645.0
1008,1008,2002.07.15,1910.0,60.0,1990.0,2020.0,1890.0,5611688.0
1009,1009,2002.07.16,1830.0,80.0,1950.0,1950.0,1780.0,4594260.0
1010,1010,2002.07.18,1810.0,20.0,1830.0,1880.0,1790.0,3272830.0
1011,1011,2002.07.19,1740.0,70.0,1750.0,1780.0,1700.0,2777731.0
1012,1012,2002.07.22,1550.0,190.0,1610.0,1770.0,1550.0,5547827.0
1013,1013,2002.07.23,1730.0,180.0,1600.0,1730.0,1570.0,9150298.0
1014,1014,2002.07.24,1700.0,30.0,1730.0,1810.0,1640.0,13939147.0
1015,1015,2002.07.25,1710.0,10.0,1880.0,1880.0,1710.0,4609873.0
1016,1016,2002.07.26,1700.0,10.0,1700.0,1760.0,1650.0,4833199.0
1017,1017,2002.07.29,1720.0,20.0,1720.0,1830.0,1690.0,6576642.0
1018,1018,2002.07.30,1720.0,0.0,1800.0,1800.0,1720.0,3662452.0
1019,1019,2002.07.31,1690.0,30.0,1720.0,1760.0,1690.0,2731110.0
1020,1020,2002.08.01,1670.0,20.0,1710.0,1730.0,1640.0,2485127.0
1021,1021,2002.08.02,1630.0,40.0,1650.0,1670.0,1610.0,3119844.0
1022,1022,2002.08.05,1690.0,60.0,1600.0,1690.0,1600.0,4156780.0
1023,1023,2002.08.06,1810.0,120.0,1650.0,1880.0,1650.0,20954363.0
1024,1024,2002.08.07,1800.0,10.0,1830.0,1960.0,1780.0,15439037.0
1025,1025,2002.08.08,1760.0,40.0,1850.0,1860.0,1750.0,7036238.0
1026,1026,2002.08.09,1700.0,60.0,1800.0,1820.0,1700.0,4100615.0
1027,1027,2002.08.12,1840.0,140.0,1830.0,1860.0,1760.0,8800341.0
1028,1028,2002.08.13,1790.0,50.0,1850.0,1860.0,1770.0,7438363.0
1029,1029,2002.08.14,1750.0,40.0,1750.0,1800.0,1740.0,4154737.0
1030,1030,2002.08.16,1740.0,10.0,1800.0,1810.0,1740.0,3456792.0
1031,1031,2002.08.19,1740.0,0.0,1720.0,1770.0,1720.0,1961881.0
1032,1032,2002.08.20,1760.0,20.0,1790.0,1810.0,1750.0,3889286.0
1033,1033,2002.08.21,1790.0,30.0,1760.0,1800.0,1740.0,3085289.0
1034,1034,2002.08.22,1800.0,10.0,1830.0,1900.0,1800.0,9742485.0
1035,1035,2002.08.23,1850.0,50.0,1810.0,1930.0,1770.0,13182629.0
1036,1036,2002.08.26,1770.0,80.0,1820.0,1860.0,1770.0,3983297.0
1037,1037,2002.08.27,1770.0,0.0,1790.0,1830.0,1750.0,2863880.0
1038,1038,2002.08.28,1790.0,20.0,1770.0,1850.0,1760.0,5030646.0
1039,1039,2002.08.29,1820.0,30.0,1790.0,1870.0,1780.0,8437928.0
1040,1040,2002.08.30,1800.0,20.0,1850.0,1850.0,1800.0,2542558.0
1041,1041,2002.09.02,1800.0,0.0,1800.0,1830.0,1780.0,3205507.0
1042,1042,2002.09.03,1780.0,20.0,1810.0,1850.0,1770.0,3224550.0
1043,1043,2002.09.04,1720.0,60.0,1750.0,1760.0,1700.0,2865296.0
1044,1044,2002.09.05,1700.0,20.0,1730.0,1760.0,1700.0,1923422.0
1045,1045,2002.09.06,1630.0,70.0,1680.0,1710.0,1620.0,1793127.0
1046,1046,2002.09.09,1580.0,50.0,1630.0,1680.0,1570.0,2580713.0
1047,1047,2002.09.10,1620.0,40.0,1590.0,1640.0,1580.0,1916076.0
1048,1048,2002.09.11,1640.0,20.0,1630.0,1680.0,1630.0,2188165.0
1049,1049,2002.09.12,1620.0,20.0,1620.0,1660.0,1610.0,2537438.0
1050,1050,2002.09.13,1590.0,30.0,1610.0,1660.0,1580.0,2165928.0
1051,1051,2002.09.16,1600.0,10.0,1610.0,1640.0,1580.0,1667399.0
1052,1052,2002.09.17,1790.0,190.0,1620.0,1790.0,1620.0,8481951.0
1053,1053,2002.09.18,1670.0,120.0,1710.0,1770.0,1640.0,7070034.0
1054,1054,2002.09.19,1640.0,30.0,1680.0,1700.0,1620.0,2627612.0
1055,1055,2002.09.23,1560.0,80.0,1640.0,1640.0,1560.0,1786445.0
1056,1056,2002.09.24,1520.0,40.0,1530.0,1580.0,1510.0,2303930.0
1057,1057,2002.09.25,1490.0,30.0,1510.0,1540.0,1470.0,2195125.0
1058,1058,2002.09.26,1500.0,10.0,1530.0,1560.0,1490.0,1678506.0
1059,1059,2002.09.27,1480.0,20.0,1500.0,1520.0,1460.0,1374858.0
1060,1060,2002.09.30,1380.0,100.0,1430.0,1440.0,1370.0,1345289.0
1061,1061,2002.10.01,1410.0,30.0,1330.0,1420.0,1330.0,1536101.0
1062,1062,2002.10.02,1400.0,10.0,1460.0,1480.0,1390.0,1461323.0
1063,1063,2002.10.04,1390.0,10.0,1370.0,1410.0,1360.0,881101.0
1064,1064,2002.10.07,1370.0,20.0,1370.0,1410.0,1350.0,1852752.0
1065,1065,2002.10.08,1410.0,40.0,1360.0,1410.0,1360.0,2442377.0
1066,1066,2002.10.09,1370.0,40.0,1430.0,1440.0,1360.0,3147667.0
1067,1067,2002.10.10,1330.0,40.0,1370.0,1400.0,1300.0,3637253.0
1068,1068,2002.10.11,1280.0,50.0,1370.0,1390.0,1250.0,3392975.0
1069,1069,2002.10.14,1290.0,10.0,1320.0,1330.0,1280.0,3289003.0
1070,1070,2002.10.15,1350.0,60.0,1310.0,1410.0,1290.0,10203575.0
1071,1071,2002.10.16,1310.0,40.0,1380.0,1390.0,1310.0,4227655.0
1072,1072,2002.10.17,1350.0,40.0,1320.0,1380.0,1300.0,6362713.0
1073,1073,2002.10.18,1390.0,40.0,1380.0,1420.0,1350.0,8047801.0
1074,1074,2002.10.21,1350.0,40.0,1370.0,1450.0,1350.0,7130279.0
1075,1075,2002.10.22,1300.0,50.0,1390.0,1390.0,1290.0,3569062.0
1076,1076,2002.10.23,1330.0,30.0,1300.0,1340.0,1290.0,2574563.0
1077,1077,2002.10.24,1300.0,30.0,1330.0,1370.0,1300.0,4073606.0
1078,1078,2002.10.25,1300.0,0.0,1280.0,1320.0,1280.0,2540288.0
1079,1079,2002.10.28,1360.0,60.0,1330.0,1380.0,1320.0,5860296.0
1080,1080,2002.10.29,1320.0,40.0,1340.0,1360.0,1320.0,2235988.0
1081,1081,2002.10.30,1340.0,20.0,1330.0,1410.0,1290.0,8231302.0
1082,1082,2002.10.31,1310.0,30.0,1350.0,1360.0,1300.0,2673852.0
1083,1083,2002.11.01,1320.0,10.0,1300.0,1380.0,1300.0,10527672.0
1084,1084,2002.11.04,1340.0,20.0,1340.0,1360.0,1320.0,3192018.0
1085,1085,2002.11.05,1340.0,0.0,1360.0,1430.0,1340.0,10008992.0
1086,1086,2002.11.06,1350.0,10.0,1360.0,1400.0,1340.0,6005595.0
1087,1087,2002.11.07,1320.0,30.0,1370.0,1370.0,1320.0,3153171.0
1088,1088,2002.11.08,1310.0,10.0,1290.0,1320.0,1290.0,2278785.0
1089,1089,2002.11.11,1280.0,30.0,1300.0,1320.0,1280.0,1808334.0
1090,1090,2002.11.12,1260.0,20.0,1260.0,1270.0,1250.0,1197221.0
1091,1091,2002.11.13,1200.0,60.0,1260.0,1280.0,1200.0,2206730.0
1092,1092,2002.11.14,1180.0,20.0,1180.0,1220.0,1160.0,1715338.0
1093,1093,2002.11.15,1180.0,0.0,1200.0,1220.0,1170.0,1643267.0
1094,1094,2002.11.18,1180.0,0.0,1170.0,1210.0,1170.0,1856270.0
1095,1095,2002.11.19,1170.0,10.0,1170.0,1190.0,1160.0,1471862.0
1096,1096,2002.11.20,1190.0,20.0,1170.0,1220.0,1160.0,2357393.0
1097,1097,2002.11.21,1190.0,0.0,1210.0,1230.0,1180.0,1404029.0
1098,1098,2002.11.22,1220.0,30.0,1210.0,1270.0,1180.0,6874296.0
1099,1099,2002.11.25,1210.0,10.0,1240.0,1240.0,1200.0,2600761.0
1100,1100,2002.11.26,1220.0,10.0,1210.0,1240.0,1210.0,2256106.0
1101,1101,2002.11.27,1300.0,80.0,1230.0,1350.0,1220.0,9783893.0
1102,1102,2002.11.28,1280.0,20.0,1330.0,1340.0,1260.0,3882023.0
1103,1103,2002.11.29,1280.0,0.0,1290.0,1310.0,1260.0,3413492.0
1104,1104,2002.12.02,1280.0,0.0,1280.0,1290.0,1260.0,2371614.0
1105,1105,2002.12.03,1300.0,20.0,1290.0,1320.0,1270.0,3629238.0
1106,1106,2002.12.04,1240.0,60.0,1280.0,1280.0,1230.0,1972682.0
1107,1107,2002.12.05,1240.0,0.0,1240.0,1270.0,1210.0,2911408.0
1108,1108,2002.12.06,1250.0,10.0,1230.0,1290.0,1230.0,3762851.0
1109,1109,2002.12.09,1290.0,40.0,1280.0,1340.0,1270.0,5859171.0
1110,1110,2002.12.10,1260.0,30.0,1270.0,1270.0,1250.0,2077172.0
1111,1111,2002.12.11,1240.0,20.0,1270.0,1300.0,1240.0,2593449.0
1112,1112,2002.12.12,1270.0,30.0,1240.0,1270.0,1240.0,2009524.0
1113,1113,2002.12.13,1260.0,10.0,1290.0,1310.0,1260.0,3266427.0
1114,1114,2002.12.16,1220.0,40.0,1250.0,1260.0,1220.0,1733023.0
1115,1115,2002.12.17,1220.0,0.0,1240.0,1250.0,1220.0,1383764.0
1116,1116,2002.12.18,1210.0,10.0,1210.0,1230.0,1200.0,1339052.0
1117,1117,2002.12.20,1190.0,20.0,1200.0,1220.0,1190.0,1033597.0
1118,1118,2002.12.23,1080.0,110.0,1180.0,1190.0,1070.0,2271310.0
1119,1119,2002.12.24,1020.0,60.0,1040.0,1080.0,980.0,2558815.0
1120,1120,2002.12.26,1000.0,20.0,1000.0,1050.0,980.0,2712518.0
1121,1121,2002.12.27,990.0,10.0,1000.0,1040.0,990.0,3811482.0
1122,1122,2002.12.30,950.0,40.0,960.0,1000.0,930.0,1723337.0
1123,1123,2003.01.02,1010.0,60.0,960.0,1040.0,950.0,2921565.0
1124,1124,2003.01.03,1030.0,20.0,1030.0,1080.0,1020.0,5477855.0
1125,1125,2003.01.06,1020.0,10.0,1040.0,1040.0,1000.0,1962356.0
1126,1126,2003.01.07,990.0,30.0,1050.0,1050.0,990.0,2133027.0
1127,1127,2003.01.08,980.0,10.0,990.0,1010.0,970.0,1858066.0
1128,1128,2003.01.09,1090.0,110.0,980.0,1090.0,980.0,21774256.0
1129,1129,2003.01.10,980.0,110.0,1080.0,1100.0,960.0,10279001.0
1130,1130,2003.01.13,990.0,10.0,990.0,1030.0,970.0,6756261.0
1131,1131,2003.01.14,1000.0,10.0,1000.0,1030.0,990.0,7376613.0
1132,1132,2003.01.15,1000.0,0.0,1010.0,1020.0,990.0,4104577.0
1133,1133,2003.01.16,970.0,30.0,980.0,1000.0,970.0,2716961.0
1134,1134,2003.01.17,950.0,20.0,950.0,970.0,940.0,3159753.0
1135,1135,2003.01.20,930.0,20.0,930.0,950.0,920.0,2403872.0
1136,1136,2003.01.21,900.0,30.0,920.0,930.0,890.0,3609693.0
1137,1137,2003.01.22,840.0,60.0,890.0,890.0,830.0,3049261.0
1138,1138,2003.01.23,850.0,10.0,830.0,870.0,830.0,3344697.0
1139,1139,2003.01.24,770.0,80.0,850.0,870.0,760.0,3951828.0
1140,1140,2003.01.27,740.0,30.0,730.0,760.0,720.0,2411891.0
1141,1141,2003.01.28,750.0,10.0,730.0,760.0,730.0,1628931.0
1142,1142,2003.01.29,740.0,10.0,740.0,810.0,710.0,7595145.0
1143,1143,2003.01.30,740.0,0.0,750.0,770.0,730.0,2323132.0
1144,1144,2003.02.03,750.0,10.0,750.0,770.0,730.0,2484511.0
1145,1145,2003.02.04,760.0,10.0,760.0,790.0,750.0,3853598.0
1146,1146,2003.02.05,750.0,10.0,760.0,780.0,740.0,2189066.0
1147,1147,2003.02.06,740.0,10.0,760.0,770.0,730.0,1710462.0
1148,1148,2003.02.07,710.0,30.0,740.0,750.0,700.0,2035231.0
1149,1149,2003.02.10,720.0,10.0,700.0,740.0,680.0,5692649.0
1150,1150,2003.02.11,730.0,10.0,740.0,780.0,710.0,13343811.0
1151,1151,2003.02.12,710.0,20.0,730.0,750.0,700.0,3157407.0
1152,1152,2003.02.13,690.0,20.0,700.0,710.0,680.0,2697936.0
1153,1153,2003.02.14,690.0,0.0,680.0,710.0,670.0,2359911.0
1154,1154,2003.02.17,740.0,50.0,710.0,750.0,700.0,3613451.0
1155,1155,2003.02.18,820.0,80.0,760.0,820.0,730.0,6562847.0
1156,1156,2003.02.19,820.0,0.0,880.0,900.0,820.0,8859416.0
1157,1157,2003.02.20,810.0,10.0,820.0,840.0,780.0,3175856.0
1158,1158,2003.02.21,770.0,40.0,810.0,810.0,760.0,2046971.0
1159,1159,2003.02.24,810.0,40.0,760.0,810.0,760.0,3164628.0
1160,1160,2003.02.25,850.0,40.0,790.0,900.0,780.0,9433962.0
1161,1161,2003.02.26,820.0,30.0,860.0,870.0,810.0,2198278.0
1162,1162,2003.02.27,770.0,50.0,800.0,810.0,770.0,1627044.0
1163,1163,2003.02.28,810.0,40.0,770.0,830.0,770.0,2568680.0
1164,1164,2003.03.03,800.0,10.0,800.0,820.0,790.0,1435434.0
1165,1165,2003.03.04,770.0,30.0,790.0,800.0,760.0,1628206.0
1166,1166,2003.03.05,720.0,50.0,750.0,760.0,710.0,1972094.0
1167,1167,2003.03.06,690.0,30.0,720.0,740.0,680.0,1340387.0
1168,1168,2003.03.07,610.0,80.0,660.0,670.0,610.0,2100722.0
1169,1169,2003.03.10,600.0,10.0,570.0,660.0,570.0,2822827.0
1170,1170,2003.03.11,600.0,0.0,0.0,0.0,0.0,0.0
1171,1171,2003.03.12,670.0,70.0,550.0,670.0,550.0,6832797.0
1172,1172,2003.03.13,660.0,10.0,690.0,720.0,650.0,7740697.0
1173,1173,2003.03.14,670.0,10.0,700.0,720.0,660.0,3714997.0
1174,1174,2003.03.17,590.0,80.0,650.0,660.0,590.0,1782626.0
1175,1175,2003.03.18,660.0,70.0,630.0,660.0,630.0,2587797.0
1176,1176,2003.03.19,730.0,70.0,670.0,730.0,670.0,2851463.0
1177,1177,2003.03.20,810.0,80.0,780.0,810.0,770.0,3371274.0
1178,1178,2003.03.21,900.0,90.0,900.0,900.0,900.0,1306176.0
1179,1179,2003.03.24,940.0,40.0,1000.0,1000.0,910.0,14773806.0
1180,1180,2003.03.25,910.0,30.0,870.0,1020.0,830.0,19209624.0
1181,1181,2003.03.26,980.0,70.0,950.0,1010.0,940.0,18795867.0
1182,1182,2003.03.27,990.0,10.0,980.0,1050.0,970.0,13284058.0
1183,1183,2003.03.28,990.0,0.0,1020.0,1070.0,950.0,21173029.0
1184,1184,2003.03.31,890.0,100.0,980.0,1000.0,880.0,5499856.0
1185,1185,2003.04.01,920.0,30.0,860.0,950.0,860.0,7209177.0
1186,1186,2003.04.02,1030.0,110.0,930.0,1030.0,930.0,23526740.0
1187,1187,2003.04.03,1050.0,20.0,1080.0,1140.0,1020.0,15621050.0
1188,1188,2003.04.04,1050.0,0.0,1040.0,1130.0,1020.0,12982826.0
1189,1189,2003.04.07,1060.0,10.0,1090.0,1090.0,1040.0,5890246.0
1190,1190,2003.04.08,1070.0,10.0,1020.0,1120.0,1020.0,10083966.0
1191,1191,2003.04.09,1040.0,30.0,1070.0,1180.0,1020.0,18632903.0
1192,1192,2003.04.10,1050.0,10.0,1040.0,1110.0,1040.0,11865641.0
1193,1193,2003.04.11,1060.0,10.0,1070.0,1120.0,1040.0,11101621.0
1194,1194,2003.04.14,1070.0,10.0,1070.0,1110.0,1060.0,6294290.0
1195,1195,2003.04.15,1060.0,10.0,1100.0,1110.0,1060.0,6954341.0
1196,1196,2003.04.16,1080.0,20.0,1090.0,1100.0,1060.0,7601980.0
1197,1197,2003.04.17,1200.0,120.0,1070.0,1200.0,1060.0,16021408.0
1198,1198,2003.04.18,1220.0,20.0,1280.0,1340.0,1210.0,21536508.0
1199,1199,2003.04.21,1200.0,20.0,1220.0,1230.0,1160.0,4830068.0
1200,1200,2003.04.22,1120.0,80.0,1190.0,1190.0,1110.0,4397391.0
1201,1201,2003.04.23,1120.0,0.0,1130.0,1190.0,1110.0,6377241.0
1202,1202,2003.04.24,1110.0,10.0,1130.0,1150.0,1080.0,3471619.0
1203,1203,2003.04.25,1150.0,40.0,1100.0,1240.0,1090.0,14387547.0
1204,1204,2003.04.28,1150.0,0.0,1160.0,1240.0,1140.0,17747308.0
1205,1205,2003.04.29,1160.0,10.0,1200.0,1280.0,1130.0,37626862.0
1206,1206,2003.04.30,1040.0,120.0,1140.0,1180.0,1030.0,12996478.0
1207,1207,2003.05.02,1060.0,20.0,1070.0,1100.0,980.0,16734408.0
1208,1208,2003.05.06,1070.0,10.0,1080.0,1120.0,1060.0,14521251.0
1209,1209,2003.05.07,1060.0,10.0,1090.0,1110.0,1040.0,17406430.0
1210,1210,2003.05.09,1070.0,10.0,1060.0,1100.0,1050.0,10431889.0
1211,1211,2003.05.12,1120.0,50.0,1090.0,1150.0,1080.0,16618753.0
1212,1212,2003.05.13,1100.0,20.0,1140.0,1180.0,1100.0,14016003.0
1213,1213,2003.05.14,1080.0,20.0,1110.0,1130.0,1070.0,4523654.0
1214,1214,2003.05.15,1070.0,10.0,1090.0,1100.0,1060.0,4337839.0
1215,1215,2003.05.16,1030.0,40.0,1050.0,1080.0,1030.0,4498217.0
1216,1216,2003.05.19,1050.0,20.0,1020.0,1050.0,1000.0,3151060.0
1217,1217,2003.05.20,1080.0,30.0,1000.0,1110.0,1000.0,15029215.0
1218,1218,2003.05.21,1070.0,10.0,1100.0,1120.0,1070.0,10549161.0
1219,1219,2003.05.22,1190.0,120.0,1080.0,1190.0,1080.0,18146193.0
1220,1220,2003.05.23,1330.0,140.0,1270.0,1330.0,1220.0,15908520.0
1221,1221,2003.05.26,1480.0,150.0,1480.0,1480.0,1420.0,3627631.0
1222,1222,2003.05.27,1650.0,170.0,1650.0,1650.0,1550.0,41886433.0
1223,1223,2003.05.28,1690.0,40.0,1720.0,1800.0,1570.0,33066393.0
1224,1224,2003.05.29,1550.0,140.0,1690.0,1730.0,1510.0,35447279.0
1225,1225,2003.05.30,1510.0,40.0,1600.0,1620.0,1500.0,12746052.0
1226,1226,2003.06.02,1450.0,60.0,1540.0,1580.0,1410.0,12935387.0
1227,1227,2003.06.03,1460.0,10.0,1450.0,1560.0,1440.0,18915401.0
1228,1228,2003.06.04,1400.0,60.0,1470.0,1510.0,1360.0,13757506.0
1229,1229,2003.06.05,1340.0,60.0,1430.0,1440.0,1320.0,10367316.0
1230,1230,2003.06.09,1500.0,160.0,1360.0,1500.0,1360.0,21533709.0
1231,1231,2003.06.10,1550.0,50.0,1560.0,1680.0,1520.0,45806887.0
1232,1232,2003.06.11,1480.0,70.0,1570.0,1600.0,1460.0,14839866.0
1233,1233,2003.06.12,1490.0,10.0,1520.0,1520.0,1450.0,8076767.0
1234,1234,2003.06.13,1450.0,40.0,1500.0,1530.0,1440.0,8830116.0
1235,1235,2003.06.16,1520.0,70.0,1440.0,1610.0,1440.0,21106486.0
1236,1236,2003.06.17,1520.0,0.0,1560.0,1570.0,1500.0,10141572.0
1237,1237,2003.06.18,1490.0,30.0,1540.0,1550.0,1470.0,6125877.0
1238,1238,2003.06.19,1520.0,30.0,1490.0,1550.0,1480.0,13493196.0
1239,1239,2003.06.20,1610.0,90.0,1530.0,1700.0,1530.0,48547674.0
1240,1240,2003.06.23,1510.0,100.0,1640.0,1640.0,1450.0,12086878.0
1241,1241,2003.06.24,1450.0,60.0,1460.0,1500.0,1420.0,9523552.0
1242,1242,2003.06.25,1390.0,60.0,1370.0,1450.0,1370.0,8819835.0
1243,1243,2003.06.26,1330.0,60.0,1370.0,1430.0,1330.0,5921699.0
1244,1244,2003.06.27,1390.0,60.0,1380.0,1470.0,1360.0,17374360.0
1245,1245,2003.06.30,1390.0,0.0,1390.0,1410.0,1360.0,4678540.0
1246,1246,2003.07.01,1440.0,50.0,1390.0,1450.0,1380.0,9444780.0
1247,1247,2003.07.02,1450.0,10.0,1440.0,1540.0,1420.0,24812824.0
1248,1248,2003.07.03,1420.0,30.0,1480.0,1500.0,1420.0,8894365.0
1249,1249,2003.07.04,1410.0,10.0,1420.0,1450.0,1390.0,4062481.0
1250,1250,2003.07.07,1570.0,160.0,1430.0,1570.0,1430.0,20169618.0
1251,1251,2003.07.08,1540.0,30.0,1620.0,1660.0,1510.0,33141281.0
1252,1252,2003.07.09,1520.0,20.0,1570.0,1590.0,1490.0,9220327.0
1253,1253,2003.07.10,1490.0,30.0,1530.0,1550.0,1490.0,6237024.0
1254,1254,2003.07.11,1480.0,10.0,1470.0,1510.0,1440.0,5485742.0
1255,1255,2003.07.14,1500.0,20.0,1480.0,1540.0,1480.0,8072001.0
1256,1256,2003.07.15,1430.0,70.0,1500.0,1510.0,1420.0,5929883.0
1257,1257,2003.07.16,1540.0,110.0,1450.0,1570.0,1430.0,23617759.0
1258,1258,2003.07.18,1600.0,60.0,1560.0,1710.0,1540.0,43879899.0
1259,1259,2003.07.21,1410.0,190.0,1620.0,1630.0,1410.0,15028110.0
1260,1260,2003.07.22,1390.0,20.0,1405.0,1410.0,1250.0,19151269.0
1261,1261,2003.07.23,1310.0,80.0,1300.0,1375.0,1300.0,9208342.0
1262,1262,2003.07.24,1280.0,30.0,1280.0,1345.0,1270.0,7004728.0
1263,1263,2003.07.25,1280.0,0.0,1290.0,1325.0,1250.0,10837069.0
1264,1264,2003.07.28,1335.0,55.0,1310.0,1380.0,1305.0,11782535.0
1265,1265,2003.07.29,1285.0,50.0,1325.0,1335.0,1275.0,6198456.0
1266,1266,2003.07.30,1270.0,15.0,1275.0,1300.0,1265.0,3706319.0
1267,1267,2003.07.31,1225.0,45.0,1265.0,1280.0,1220.0,4259148.0
1268,1268,2003.08.01,1225.0,0.0,1230.0,1250.0,1225.0,2801447.0
1269,1269,2003.08.04,1160.0,65.0,1200.0,1210.0,1150.0,3674623.0
1270,1270,2003.08.05,1190.0,30.0,1165.0,1215.0,1165.0,3719985.0
1271,1271,2003.08.06,1175.0,15.0,1170.0,1190.0,1150.0,2950830.0
1272,1272,2003.08.07,1315.0,140.0,1185.0,1315.0,1185.0,15890726.0
1273,1273,2003.08.08,1470.0,155.0,1370.0,1470.0,1360.0,21033162.0
1274,1274,2003.08.11,1645.0,175.0,1535.0,1645.0,1415.0,30095437.0
1275,1275,2003.08.12,1575.0,70.0,1695.0,1835.0,1525.0,54161839.0
1276,1276,2003.08.13,1615.0,40.0,1595.0,1685.0,1520.0,26400537.0
1277,1277,2003.08.14,1660.0,45.0,1600.0,1800.0,1530.0,30539149.0
1278,1278,2003.08.18,1610.0,50.0,1650.0,1775.0,1610.0,26032802.0
1279,1279,2003.08.19,1560.0,50.0,1650.0,1670.0,1545.0,13292739.0
1280,1280,2003.08.20,1590.0,30.0,1570.0,1745.0,1570.0,39361661.0
1281,1281,2003.08.21,1560.0,30.0,1620.0,1675.0,1550.0,13189457.0
1282,1282,2003.08.22,1505.0,55.0,1570.0,1620.0,1480.0,11860138.0
1283,1283,2003.08.25,1550.0,45.0,1515.0,1605.0,1515.0,12665295.0
1284,1284,2003.08.26,1510.0,40.0,1550.0,1565.0,1490.0,6595244.0
1285,1285,2003.08.27,1515.0,5.0,1510.0,1560.0,1495.0,11593565.0
1286,1286,2003.08.28,1520.0,5.0,1520.0,1575.0,1505.0,10301657.0
1287,1287,2003.08.29,1605.0,85.0,1560.0,1690.0,1555.0,34856182.0
1288,1288,2003.09.01,1605.0,0.0,1630.0,1650.0,1585.0,9898630.0
1289,1289,2003.09.02,1655.0,50.0,1635.0,1680.0,1610.0,17878188.0
1290,1290,2003.09.03,1580.0,75.0,1670.0,1715.0,1580.0,16423297.0
1291,1291,2003.09.04,1540.0,40.0,1595.0,1615.0,1520.0,7260167.0
1292,1292,2003.09.05,1520.0,20.0,1550.0,1560.0,1520.0,4266544.0
1293,1293,2003.09.08,1470.0,50.0,1480.0,1540.0,1470.0,5234024.0
1294,1294,2003.09.09,1645.0,175.0,1440.0,1645.0,1440.0,26449647.0
1295,1295,2003.09.15,1635.0,10.0,1675.0,1710.0,1615.0,18991177.0
1296,1296,2003.09.16,1750.0,115.0,1655.0,1800.0,1635.0,27955875.0
1297,1297,2003.09.17,1720.0,30.0,1780.0,1870.0,1700.0,18409636.0
1298,1298,2003.09.18,1770.0,50.0,1740.0,1785.0,1690.0,16565037.0
1299,1299,2003.09.19,1775.0,5.0,1830.0,1875.0,1740.0,16465174.0
1300,1300,2003.09.22,1585.0,190.0,1760.0,1775.0,1570.0,11747374.0
1301,1301,2003.09.23,1650.0,65.0,1590.0,1670.0,1535.0,14651660.0
1302,1302,2003.09.24,1625.0,25.0,1655.0,1685.0,1625.0,7385974.0
1303,1303,2003.09.25,1545.0,80.0,1550.0,1575.0,1515.0,9799913.0
1304,1304,2003.09.26,1415.0,130.0,1510.0,1555.0,1365.0,14442281.0
1305,1305,2003.09.29,1415.0,0.0,1410.0,1435.0,1375.0,8008754.0
1306,1306,2003.09.30,1380.0,35.0,1430.0,1460.0,1380.0,8774313.0
1307,1307,2003.10.01,1340.0,40.0,1315.0,1340.0,1255.0,15780939.0
1308,1308,2003.10.02,1345.0,5.0,1380.0,1415.0,1345.0,8597454.0
1309,1309,2003.10.06,1340.0,5.0,1350.0,1385.0,1335.0,8572570.0
1310,1310,2003.10.07,1430.0,90.0,1375.0,1440.0,1370.0,15418474.0
1311,1311,2003.10.08,1370.0,60.0,1430.0,1435.0,1370.0,6276820.0
1312,1312,2003.10.09,1400.0,30.0,1390.0,1450.0,1385.0,11366135.0
1313,1313,2003.10.10,1405.0,5.0,1410.0,1430.0,1380.0,5818388.0
1314,1314,2003.10.13,1375.0,30.0,1380.0,1405.0,1370.0,4721974.0
1315,1315,2003.10.14,1410.0,35.0,1385.0,1435.0,1385.0,8548812.0
1316,1316,2003.10.15,1460.0,50.0,1460.0,1525.0,1440.0,19387362.0
1317,1317,2003.10.16,1430.0,30.0,1470.0,1470.0,1425.0,5346141.0
1318,1318,2003.10.17,1390.0,40.0,1450.0,1455.0,1365.0,6982259.0
1319,1319,2003.10.20,1400.0,10.0,1370.0,1420.0,1370.0,4738701.0
1320,1320,2003.10.21,1380.0,20.0,1395.0,1430.0,1380.0,7020208.0
1321,1321,2003.10.22,1370.0,10.0,1380.0,1405.0,1350.0,4319959.0
1322,1322,2003.10.23,1310.0,60.0,1330.0,1360.0,1300.0,4834372.0
1323,1323,2003.10.24,1280.0,30.0,1290.0,1330.0,1280.0,4403680.0
1324,1324,2003.10.27,1340.0,60.0,1280.0,1340.0,1280.0,5072392.0
1325,1325,2003.10.28,1330.0,10.0,1340.0,1360.0,1315.0,3917749.0
1326,1326,2003.10.29,1355.0,25.0,1340.0,1400.0,1340.0,10077130.0
1327,1327,2003.10.30,1380.0,25.0,1375.0,1420.0,1350.0,14432609.0
1328,1328,2003.10.31,1340.0,40.0,1385.0,1400.0,1335.0,7728487.0
1329,1329,2003.11.03,1320.0,20.0,1325.0,1355.0,1315.0,3766924.0
1330,1330,2003.11.04,1290.0,30.0,1335.0,1340.0,1290.0,5196611.0
1331,1331,2003.11.05,1310.0,20.0,1290.0,1345.0,1290.0,7628868.0
1332,1332,2003.11.06,1270.0,40.0,1315.0,1330.0,1270.0,4682441.0
1333,1333,2003.11.07,1300.0,30.0,1275.0,1300.0,1275.0,3592217.0
1334,1334,2003.11.10,1335.0,35.0,1300.0,1395.0,1300.0,14362648.0
1335,1335,2003.11.11,1265.0,70.0,1305.0,1355.0,1250.0,7814349.0
1336,1336,2003.11.12,1325.0,60.0,1290.0,1345.0,1265.0,10885338.0
1337,1337,2003.11.13,1330.0,5.0,1335.0,1375.0,1320.0,9662088.0
1338,1338,2003.11.14,1290.0,40.0,1320.0,1335.0,1290.0,4331020.0
1339,1339,2003.11.17,1350.0,60.0,1285.0,1420.0,1285.0,17633161.0
1340,1340,2003.11.18,1335.0,15.0,1340.0,1360.0,1310.0,4923872.0
1341,1341,2003.11.19,1275.0,60.0,1320.0,1325.0,1275.0,5020121.0
1342,1342,2003.11.20,1265.0,10.0,1280.0,1295.0,1265.0,3219286.0
1343,1343,2003.11.21,1230.0,35.0,1245.0,1280.0,1230.0,3741436.0
1344,1344,2003.11.24,1170.0,60.0,1205.0,1230.0,1160.0,4730987.0
1345,1345,2003.11.25,1210.0,40.0,1200.0,1210.0,1190.0,3189835.0
1346,1346,2003.11.26,1355.0,145.0,1220.0,1355.0,1215.0,16538926.0
1347,1347,2003.11.27,1265.0,90.0,1420.0,1445.0,1245.0,26823276.0
1348,1348,2003.11.28,1300.0,35.0,1275.0,1325.0,1260.0,8929766.0
1349,1349,2003.12.01,1310.0,10.0,1320.0,1370.0,1305.0,9426485.0
1350,1350,2003.12.02,1300.0,10.0,1330.0,1345.0,1290.0,5217368.0
1351,1351,2003.12.03,1295.0,5.0,1300.0,1330.0,1285.0,5833495.0
1352,1352,2003.12.04,1330.0,35.0,1295.0,1385.0,1295.0,19818506.0
1353,1353,2003.12.05,1305.0,25.0,1345.0,1345.0,1295.0,4725127.0
1354,1354,2003.12.08,1335.0,30.0,1305.0,1355.0,1300.0,8288298.0
1355,1355,2003.12.09,1400.0,65.0,1350.0,1400.0,1340.0,22198812.0
1356,1356,2003.12.10,1350.0,50.0,1395.0,1425.0,1325.0,23540648.0
1357,1357,2003.12.11,1335.0,15.0,1365.0,1380.0,1335.0,8733695.0
1358,1358,2003.12.12,1315.0,20.0,1350.0,1380.0,1315.0,10477420.0
1359,1359,2003.12.15,1335.0,20.0,1325.0,1340.0,1315.0,5082679.0
1360,1360,2003.12.16,1310.0,25.0,1305.0,1335.0,1300.0,4758343.0
1361,1361,2003.12.17,1310.0,0.0,1315.0,1355.0,1310.0,8252193.0
1362,1362,2003.12.18,1280.0,30.0,1315.0,1320.0,1275.0,4590084.0
1363,1363,2003.12.19,1255.0,25.0,1285.0,1305.0,1255.0,3765385.0
1364,1364,2003.12.22,1220.0,35.0,1245.0,1275.0,1215.0,4279135.0
1365,1365,2003.12.23,1180.0,40.0,1225.0,1240.0,1175.0,3295708.0
1366,1366,2003.12.24,1170.0,10.0,1185.0,1200.0,1165.0,2622101.0
1367,1367,2003.12.26,1185.0,15.0,1160.0,1210.0,1160.0,3755275.0
1368,1368,2003.12.29,1325.0,140.0,1170.0,1325.0,1170.0,10529347.0
1369,1369,2003.12.30,1310.0,15.0,1365.0,1375.0,1295.0,9625646.0
1370,1370,2004.01.02,1300.0,10.0,1330.0,1330.0,1265.0,4628923.0
1371,1371,2004.01.05,1315.0,15.0,1300.0,1335.0,1290.0,7045479.0
1372,1372,2004.01.06,1265.0,50.0,1325.0,1330.0,1265.0,4786833.0
1373,1373,2004.01.07,1255.0,10.0,1270.0,1280.0,1250.0,2951840.0
1374,1374,2004.01.08,1235.0,20.0,1260.0,1275.0,1230.0,2984904.0
1375,1375,2004.01.09,1260.0,25.0,1240.0,1285.0,1240.0,4901687.0
1376,1376,2004.01.12,1255.0,5.0,1275.0,1290.0,1250.0,2894787.0
1377,1377,2004.01.13,1270.0,15.0,1270.0,1310.0,1255.0,7784725.0
1378,1378,2004.01.14,1275.0,5.0,1260.0,1305.0,1260.0,6003708.0
1379,1379,2004.01.15,1240.0,35.0,1280.0,1280.0,1230.0,3445590.0
1380,1380,2004.01.16,1220.0,20.0,1240.0,1260.0,1215.0,2923460.0
1381,1381,2004.01.19,1200.0,20.0,1225.0,1240.0,1195.0,2447897.0
1382,1382,2004.01.20,1230.0,30.0,1195.0,1230.0,1195.0,3287451.0
1383,1383,2004.01.26,1260.0,30.0,1230.0,1310.0,1225.0,9848666.0
1384,1384,2004.01.27,1315.0,55.0,1275.0,1355.0,1240.0,16488557.0
1385,1385,2004.01.28,1260.0,55.0,1315.0,1320.0,1260.0,7145939.0
1386,1386,2004.01.29,1290.0,30.0,1250.0,1360.0,1250.0,16222405.0
1387,1387,2004.01.30,1245.0,45.0,1285.0,1305.0,1240.0,4735392.0
1388,1388,2004.02.02,1245.0,0.0,1250.0,1285.0,1240.0,5517938.0
1389,1389,2004.02.03,1225.0,20.0,1250.0,1260.0,1220.0,4390267.0
1390,1390,2004.02.04,1230.0,5.0,1225.0,1250.0,1225.0,3300509.0
1391,1391,2004.02.05,1255.0,25.0,1230.0,1290.0,1230.0,6598808.0
1392,1392,2004.02.06,1250.0,5.0,1260.0,1270.0,1240.0,3812775.0
1393,1393,2004.02.09,1260.0,10.0,1295.0,1315.0,1255.0,5646015.0
1394,1394,2004.02.10,1290.0,30.0,1260.0,1365.0,1255.0,25471551.0
1395,1395,2004.02.11,1270.0,20.0,1300.0,1305.0,1260.0,5865755.0
1396,1396,2004.02.12,1250.0,20.0,1280.0,1285.0,1245.0,4104196.0
1397,1397,2004.02.13,1255.0,5.0,1230.0,1280.0,1230.0,4856500.0
1398,1398,2004.02.16,1255.0,0.0,1250.0,1275.0,1250.0,3660701.0
1399,1399,2004.02.17,1255.0,0.0,1260.0,1270.0,1250.0,3408092.0
1400,1400,2004.02.18,1255.0,0.0,1265.0,1275.0,1250.0,3381808.0
1401,1401,2004.02.19,1245.0,10.0,1255.0,1265.0,1240.0,3630303.0
1402,1402,2004.02.20,1260.0,15.0,1245.0,1310.0,1235.0,12253807.0
1403,1403,2004.02.23,1250.0,10.0,1255.0,1265.0,1240.0,3057925.0
1404,1404,2004.02.24,1230.0,20.0,1250.0,1250.0,1220.0,3832759.0
1405,1405,2004.02.25,1215.0,15.0,1210.0,1235.0,1205.0,2974129.0
1406,1406,2004.02.26,1200.0,15.0,1215.0,1230.0,1200.0,2912641.0
1407,1407,2004.02.27,1195.0,5.0,1190.0,1205.0,1190.0,2116480.0
1408,1408,2004.03.02,1225.0,30.0,1205.0,1260.0,1205.0,6597194.0
1409,1409,2004.03.03,1225.0,0.0,1225.0,1240.0,1215.0,2964700.0
1410,1410,2004.03.04,1235.0,10.0,1225.0,1275.0,1220.0,8360667.0
1411,1411,2004.03.05,1220.0,15.0,1245.0,1250.0,1220.0,3045938.0
1412,1412,2004.03.08,1205.0,15.0,1220.0,1230.0,1205.0,2771080.0
1413,1413,2004.03.09,1215.0,10.0,1200.0,1215.0,1200.0,2354798.0
1414,1414,2004.03.10,1225.0,10.0,1210.0,1245.0,1205.0,5728313.0
1415,1415,2004.03.11,1205.0,20.0,1220.0,1235.0,1200.0,3975827.0
1416,1416,2004.03.12,1140.0,65.0,1205.0,1255.0,1065.0,17449369.0
1417,1417,2004.03.15,1205.0,65.0,1170.0,1270.0,1170.0,13308294.0
1418,1418,2004.03.16,1200.0,5.0,1180.0,1250.0,1160.0,12705677.0
1419,1419,2004.03.17,1200.0,0.0,1220.0,1225.0,1200.0,5144789.0
1420,1420,2004.03.18,1240.0,40.0,1220.0,1265.0,1210.0,14591672.0
1421,1421,2004.03.19,1210.0,30.0,1235.0,1240.0,1210.0,5657889.0
1422,1422,2004.03.22,1190.0,20.0,1220.0,1220.0,1190.0,3502932.0
1423,1423,2004.03.23,1185.0,5.0,1180.0,1200.0,1175.0,2968135.0
1424,1424,2004.03.24,1180.0,5.0,1190.0,1215.0,1180.0,4945900.0
1425,1425,2004.03.25,1155.0,25.0,1175.0,1190.0,1150.0,3715026.0
1426,1426,2004.03.26,1150.0,5.0,1170.0,1175.0,1145.0,2507205.0
1427,1427,2004.03.29,1145.0,5.0,1145.0,1160.0,1140.0,2920933.0
1428,1428,2004.03.30,1150.0,5.0,1155.0,1160.0,1145.0,2469866.0
1429,1429,2004.03.31,1145.0,5.0,1160.0,1165.0,1135.0,2635787.0
1430,1430,2004.04.01,1160.0,15.0,1145.0,1185.0,1145.0,6831452.0
1431,1431,2004.04.02,1170.0,10.0,1165.0,1175.0,1155.0,3710939.0
1432,1432,2004.04.06,1205.0,35.0,1185.0,1255.0,1185.0,15636410.0
1433,1433,2004.04.07,1210.0,5.0,1235.0,1240.0,1205.0,5913469.0
1434,1434,2004.04.08,1195.0,15.0,1220.0,1225.0,1190.0,4364198.0
1435,1435,2004.04.09,1170.0,25.0,1185.0,1200.0,1155.0,4903251.0
1436,1436,2004.04.12,1160.0,10.0,1160.0,1180.0,1160.0,2637343.0
1437,1437,2004.04.13,1155.0,5.0,1170.0,1175.0,1150.0,2758919.0
1438,1438,2004.04.14,1160.0,5.0,1150.0,1165.0,1145.0,2207056.0
1439,1439,2004.04.16,1145.0,15.0,1160.0,1170.0,1140.0,2350533.0
1440,1440,2004.04.19,1145.0,0.0,1145.0,1155.0,1135.0,2014560.0
1441,1441,2004.04.20,1155.0,10.0,1145.0,1160.0,1145.0,2815980.0
1442,1442,2004.04.21,1155.0,0.0,1145.0,1185.0,1145.0,5063581.0
1443,1443,2004.04.22,1155.0,0.0,1160.0,1170.0,1150.0,2667552.0
1444,1444,2004.04.23,1175.0,20.0,1170.0,1205.0,1160.0,8771700.0
1445,1445,2004.04.26,1225.0,50.0,1185.0,1270.0,1175.0,17635689.0
1446,1446,2004.04.27,1200.0,25.0,1230.0,1235.0,1185.0,4458566.0
1447,1447,2004.04.28,1160.0,40.0,1200.0,1210.0,1160.0,3850955.0
1448,1448,2004.04.29,1125.0,35.0,1145.0,1160.0,1125.0,3984513.0
1449,1449,2004.04.30,1110.0,15.0,1100.0,1120.0,1080.0,3303932.0
1450,1450,2004.05.03,1105.0,5.0,1100.0,1120.0,1100.0,2494628.0
1451,1451,2004.05.04,1110.0,5.0,1105.0,1120.0,1105.0,2407398.0
1452,1452,2004.05.06,1050.0,60.0,1110.0,1115.0,1050.0,3432567.0
1453,1453,2004.05.07,1030.0,20.0,1045.0,1055.0,990.0,4210397.0
1454,1454,2004.05.10,950.0,80.0,1000.0,1045.0,915.0,4085768.0
1455,1455,2004.05.11,930.0,20.0,925.0,955.0,915.0,2610157.0
1456,1456,2004.05.12,965.0,35.0,945.0,985.0,945.0,3959050.0
1457,1457,2004.05.13,945.0,20.0,955.0,965.0,940.0,1691763.0
1458,1458,2004.05.14,965.0,20.0,950.0,975.0,940.0,3111544.0
1459,1459,2004.05.17,875.0,90.0,970.0,975.0,850.0,3726353.0
1460,1460,2004.05.18,890.0,15.0,855.0,915.0,855.0,5617987.0
1461,1461,2004.05.19,915.0,25.0,895.0,920.0,895.0,3088218.0
1462,1462,2004.05.20,865.0,50.0,895.0,905.0,865.0,2615248.0
1463,1463,2004.05.21,895.0,30.0,875.0,895.0,875.0,1932913.0
1464,1464,2004.05.24,915.0,20.0,905.0,915.0,900.0,2915704.0
1465,1465,2004.05.25,910.0,5.0,920.0,940.0,905.0,4546806.0
1466,1466,2004.05.27,960.0,50.0,930.0,1000.0,925.0,12253092.0
1467,1467,2004.05.28,950.0,10.0,965.0,975.0,935.0,2867897.0
1468,1468,2004.05.31,950.0,0.0,960.0,970.0,940.0,3499116.0
1469,1469,2004.06.01,1010.0,60.0,960.0,1035.0,960.0,8349688.0
1470,1470,2004.06.02,985.0,25.0,1000.0,1005.0,975.0,2645620.0
1471,1471,2004.06.03,935.0,50.0,1000.0,1005.0,925.0,3199786.0
1472,1472,2004.06.04,950.0,15.0,960.0,990.0,940.0,4829136.0
1473,1473,2004.06.07,1060.0,110.0,1010.0,1060.0,1000.0,4174419.0
1474,1474,2004.06.08,1060.0,0.0,1120.0,1130.0,1040.0,11866559.0
1475,1475,2004.06.09,1040.0,20.0,1070.0,1085.0,1025.0,3611363.0
1476,1476,2004.06.10,1030.0,10.0,1055.0,1065.0,1010.0,3518595.0
1477,1477,2004.06.11,970.0,60.0,1010.0,1040.0,970.0,4041406.0
1478,1478,2004.06.14,920.0,50.0,955.0,980.0,910.0,3607724.0
1479,1479,2004.06.15,930.0,10.0,915.0,935.0,905.0,2544290.0
1480,1480,2004.06.16,905.0,25.0,915.0,935.0,900.0,3253104.0
1481,1481,2004.06.17,920.0,15.0,900.0,940.0,890.0,4295571.0
1482,1482,2004.06.18,885.0,35.0,910.0,920.0,880.0,2642717.0
1483,1483,2004.06.21,890.0,5.0,885.0,915.0,885.0,2864852.0
1484,1484,2004.06.22,875.0,15.0,880.0,890.0,870.0,1456780.0
1485,1485,2004.06.23,850.0,25.0,870.0,885.0,850.0,2409866.0
1486,1486,2004.06.24,860.0,10.0,855.0,870.0,850.0,2294300.0
1487,1487,2004.06.25,880.0,20.0,870.0,900.0,860.0,4618093.0
1488,1488,2004.06.28,880.0,0.0,890.0,895.0,870.0,2511546.0
1489,1489,2004.06.29,890.0,10.0,885.0,895.0,875.0,2415541.0
1490,1490,2004.06.30,925.0,35.0,895.0,945.0,895.0,8262464.0
1491,1491,2004.07.01,910.0,15.0,935.0,935.0,905.0,2314245.0
1492,1492,2004.07.02,880.0,30.0,905.0,905.0,875.0,2241210.0
1493,1493,2004.07.05,910.0,30.0,885.0,920.0,885.0,4897771.0
1494,1494,2004.07.06,890.0,20.0,900.0,915.0,890.0,1587830.0
1495,1495,2004.07.07,880.0,10.0,870.0,885.0,860.0,1717204.0
1496,1496,2004.07.08,865.0,15.0,880.0,890.0,865.0,1578201.0
1497,1497,2004.07.09,870.0,5.0,865.0,875.0,865.0,992293.0
1498,1498,2004.07.12,870.0,0.0,875.0,900.0,870.0,3493643.0
1499,1499,2004.07.13,865.0,5.0,870.0,880.0,860.0,1736734.0
1500,1500,2004.07.14,865.0,0.0,865.0,885.0,860.0,2006742.0
1501,1501,2004.07.15,840.0,25.0,865.0,875.0,820.0,2779992.0
1502,1502,2004.07.16,830.0,10.0,840.0,840.0,820.0,1445045.0
1503,1503,2004.07.19,835.0,5.0,825.0,835.0,820.0,1627302.0
1504,1504,2004.07.20,830.0,5.0,825.0,855.0,825.0,2813906.0
1505,1505,2004.07.21,835.0,5.0,840.0,850.0,830.0,1989332.0
1506,1506,2004.07.22,820.0,15.0,825.0,840.0,815.0,1747052.0
1507,1507,2004.07.23,810.0,10.0,815.0,825.0,810.0,1445815.0
1508,1508,2004.07.26,795.0,15.0,790.0,815.0,785.0,2489709.0
1509,1509,2004.07.27,780.0,15.0,790.0,800.0,770.0,1815556.0
1510,1510,2004.07.28,770.0,10.0,785.0,790.0,765.0,1875093.0
1511,1511,2004.07.29,725.0,45.0,760.0,765.0,720.0,2891836.0
1512,1512,2004.07.30,725.0,0.0,730.0,740.0,725.0,2130607.0
1513,1513,2004.08.02,685.0,40.0,715.0,725.0,680.0,2845483.0
1514,1514,2004.08.03,690.0,5.0,690.0,705.0,675.0,1813397.0
1515,1515,2004.08.04,725.0,35.0,675.0,735.0,675.0,5076070.0
1516,1516,2004.08.05,770.0,45.0,725.0,800.0,720.0,9284346.0
1517,1517,2004.08.06,750.0,20.0,745.0,765.0,735.0,5302516.0
1518,1518,2004.08.09,785.0,35.0,740.0,815.0,735.0,12320897.0
1519,1519,2004.08.10,785.0,0.0,780.0,805.0,775.0,3907879.0
1520,1520,2004.08.11,765.0,20.0,795.0,800.0,755.0,3710755.0
1521,1521,2004.08.12,775.0,10.0,765.0,790.0,765.0,3463838.0
1522,1522,2004.08.13,780.0,5.0,760.0,815.0,760.0,6954636.0
1523,1523,2004.08.16,780.0,0.0,795.0,800.0,775.0,2697798.0
1524,1524,2004.08.17,825.0,45.0,795.0,845.0,790.0,9484060.0
1525,1525,2004.08.18,920.0,95.0,825.0,920.0,810.0,9822497.0
1526,1526,2004.08.19,880.0,40.0,970.0,980.0,880.0,16659186.0
1527,1527,2004.08.20,910.0,30.0,885.0,975.0,870.0,22035466.0
1528,1528,2004.08.23,885.0,25.0,915.0,925.0,880.0,4305752.0
1529,1529,2004.08.24,870.0,15.0,890.0,895.0,865.0,3935124.0
1530,1530,2004.08.25,895.0,25.0,870.0,900.0,870.0,3651963.0
1531,1531,2004.08.26,880.0,15.0,905.0,910.0,880.0,2659994.0
1532,1532,2004.08.27,885.0,5.0,880.0,900.0,880.0,2631103.0
1533,1533,2004.08.30,920.0,35.0,890.0,950.0,885.0,8205665.0
1534,1534,2004.08.31,910.0,10.0,915.0,925.0,900.0,2413839.0
1535,1535,2004.09.01,920.0,10.0,920.0,940.0,915.0,4245664.0
1536,1536,2004.09.02,925.0,5.0,930.0,960.0,925.0,5137754.0
1537,1537,2004.09.03,965.0,40.0,935.0,1015.0,920.0,18552285.0
1538,1538,2004.09.06,1020.0,55.0,980.0,1050.0,965.0,17297061.0
1539,1539,2004.09.07,995.0,25.0,1030.0,1040.0,990.0,6164556.0
1540,1540,2004.09.08,980.0,15.0,990.0,1030.0,980.0,6757709.0
1541,1541,2004.09.09,965.0,15.0,970.0,990.0,955.0,4621195.0
1542,1542,2004.09.10,960.0,5.0,965.0,975.0,955.0,3007353.0
1543,1543,2004.09.13,970.0,10.0,960.0,990.0,960.0,3276210.0
1544,1544,2004.09.14,955.0,15.0,975.0,985.0,955.0,3229420.0
1545,1545,2004.09.15,980.0,25.0,970.0,1010.0,960.0,10092693.0
1546,1546,2004.09.16,975.0,5.0,990.0,995.0,975.0,2855990.0
1547,1547,2004.09.17,965.0,10.0,975.0,985.0,965.0,2559404.0
1548,1548,2004.09.20,960.0,5.0,965.0,975.0,955.0,2190322.0
1549,1549,2004.09.21,980.0,20.0,960.0,985.0,955.0,3609376.0
1550,1550,2004.09.22,960.0,20.0,980.0,995.0,960.0,3555451.0
1551,1551,2004.09.23,955.0,5.0,950.0,990.0,950.0,5749320.0
1552,1552,2004.09.24,965.0,10.0,960.0,970.0,955.0,1991671.0
1553,1553,2004.09.30,965.0,0.0,975.0,990.0,960.0,3391578.0
1554,1554,2004.10.01,1045.0,80.0,975.0,1060.0,975.0,18735893.0
1555,1555,2004.10.04,1045.0,0.0,1055.0,1080.0,1030.0,10497427.0
1556,1556,2004.10.05,1040.0,5.0,1045.0,1055.0,1025.0,5721858.0
1557,1557,2004.10.06,1025.0,15.0,1040.0,1055.0,1015.0,6584878.0
1558,1558,2004.10.07,1005.0,20.0,1010.0,1025.0,1000.0,3513614.0
1559,1559,2004.10.08,1010.0,5.0,1000.0,1020.0,995.0,2945816.0
1560,1560,2004.10.11,1055.0,45.0,1005.0,1080.0,1005.0,11919477.0
1561,1561,2004.10.12,1010.0,45.0,1055.0,1055.0,1010.0,3847108.0
1562,1562,2004.10.13,995.0,15.0,1020.0,1025.0,990.0,3524482.0
1563,1563,2004.10.14,1015.0,20.0,985.0,1015.0,975.0,3237802.0
1564,1564,2004.10.15,1000.0,15.0,1000.0,1015.0,985.0,2706140.0
1565,1565,2004.10.18,975.0,25.0,995.0,1010.0,975.0,3987567.0
1566,1566,2004.10.19,975.0,0.0,975.0,990.0,970.0,2029885.0
1567,1567,2004.10.20,950.0,25.0,970.0,980.0,945.0,2459613.0
1568,1568,2004.10.21,925.0,25.0,950.0,960.0,925.0,2230040.0
1569,1569,2004.10.22,925.0,0.0,925.0,940.0,915.0,2012680.0
1570,1570,2004.10.25,905.0,20.0,915.0,920.0,880.0,2743807.0
1571,1571,2004.10.26,920.0,15.0,905.0,935.0,905.0,2825297.0
1572,1572,2004.10.27,905.0,15.0,930.0,935.0,900.0,2630773.0
1573,1573,2004.10.28,920.0,15.0,915.0,925.0,910.0,1560097.0
1574,1574,2004.10.29,920.0,0.0,920.0,930.0,915.0,1611473.0
1575,1575,2004.11.01,955.0,35.0,925.0,995.0,925.0,5649676.0
1576,1576,2004.11.02,965.0,10.0,955.0,970.0,945.0,1485505.0
1577,1577,2004.11.03,955.0,10.0,965.0,970.0,950.0,1398603.0
1578,1578,2004.11.04,960.0,5.0,955.0,960.0,945.0,1185198.0
1579,1579,2004.11.05,985.0,25.0,965.0,995.0,965.0,2318904.0
1580,1580,2004.11.08,990.0,5.0,995.0,1040.0,975.0,6757471.0
1581,1581,2004.11.09,965.0,25.0,990.0,1000.0,960.0,2150742.0
1582,1582,2004.11.10,970.0,5.0,970.0,980.0,960.0,1568135.0
1583,1583,2004.11.11,995.0,25.0,960.0,1010.0,960.0,7299943.0
1584,1584,2004.11.12,1000.0,5.0,995.0,1015.0,990.0,2951674.0
1585,1585,2004.11.15,1005.0,5.0,1005.0,1025.0,990.0,5217585.0
1586,1586,2004.11.16,1000.0,5.0,1010.0,1015.0,990.0,2837154.0
1587,1587,2004.11.17,1010.0,10.0,1005.0,1015.0,995.0,3954813.0
1588,1588,2004.11.18,1010.0,0.0,1010.0,1010.0,1010.0,0.0
1589,1589,2004.11.19,1010.0,0.0,1010.0,1010.0,1010.0,0.0
1590,1590,2004.11.22,1010.0,0.0,1010.0,1010.0,1010.0,0.0
1591,1591,2004.11.23,1010.0,0.0,1010.0,1010.0,1010.0,0.0
1592,1592,2004.11.24,1010.0,0.0,1010.0,1010.0,1010.0,0.0
1593,1593,2004.11.25,1010.0,0.0,1010.0,1010.0,1010.0,0.0
1594,1594,2004.11.26,1010.0,0.0,1010.0,1010.0,1010.0,0.0
1595,1595,2004.11.29,1010.0,0.0,1010.0,1010.0,1010.0,0.0
1596,1596,2004.11.30,1010.0,0.0,1010.0,1010.0,1010.0,0.0
1597,1597,2004.12.01,1010.0,0.0,1010.0,1010.0,1010.0,0.0
1598,1598,2004.12.02,1010.0,0.0,1010.0,1010.0,1010.0,0.0
1599,1599,2004.12.03,1010.0,0.0,1010.0,1010.0,1010.0,0.0
1600,1600,2004.12.06,1010.0,0.0,1010.0,1010.0,1010.0,0.0
1601,1601,2004.12.07,1010.0,0.0,1010.0,1010.0,1010.0,0.0
1602,1602,2004.12.08,10100.0,0.0,10100.0,10100.0,10100.0,0.0
1603,1603,2004.12.09,11300.0,1200.0,11300.0,11300.0,10750.0,786703.0
1604,1604,2004.12.10,10050.0,1250.0,11500.0,11500.0,9960.0,1131886.0
1605,1605,2004.12.13,10200.0,150.0,10100.0,10550.0,9900.0,782568.0
1606,1606,2004.12.14,10000.0,200.0,10200.0,10800.0,10000.0,554487.0
1607,1607,2004.12.15,9900.0,100.0,10100.0,10150.0,9850.0,383817.0
1608,1608,2004.12.16,9860.0,40.0,9900.0,10000.0,9840.0,246053.0
1609,1609,2004.12.17,9550.0,310.0,9770.0,9900.0,9550.0,293888.0
1610,1610,2004.12.20,9550.0,0.0,9310.0,9620.0,9310.0,239902.0
1611,1611,2004.12.21,9340.0,210.0,9470.0,9560.0,9340.0,166023.0
1612,1612,2004.12.22,9420.0,80.0,9350.0,9750.0,9350.0,274378.0
1613,1613,2004.12.23,9440.0,20.0,9390.0,9690.0,9390.0,157737.0
1614,1614,2004.12.24,9550.0,110.0,9520.0,10350.0,9520.0,740298.0
1615,1615,2004.12.27,9950.0,400.0,9610.0,10050.0,9500.0,466516.0
1616,1616,2004.12.28,9370.0,580.0,9900.0,10100.0,9350.0,713285.0
1617,1617,2004.12.29,9400.0,30.0,9490.0,9560.0,9400.0,157493.0
1618,1618,2004.12.30,9480.0,80.0,9500.0,9660.0,9430.0,161059.0
1619,1619,2005.01.03,9790.0,310.0,9510.0,9810.0,9510.0,283678.0
1620,1620,2005.01.04,9600.0,190.0,9730.0,9730.0,9550.0,217934.0
1621,1621,2005.01.05,9590.0,10.0,9540.0,9900.0,9540.0,251574.0
1622,1622,2005.01.06,9770.0,180.0,9610.0,10300.0,9580.0,719668.0
1623,1623,2005.01.07,9930.0,160.0,9880.0,10000.0,9630.0,325120.0
1624,1624,2005.01.10,11100.0,1170.0,10200.0,11100.0,10050.0,1432107.0
1625,1625,2005.01.11,12400.0,1300.0,12000.0,12400.0,11700.0,2353344.0
1626,1626,2005.01.12,11550.0,850.0,12500.0,12750.0,11200.0,2861633.0
1627,1627,2005.01.13,12100.0,550.0,11850.0,12200.0,11650.0,1679765.0
1628,1628,2005.01.14,11300.0,800.0,11850.0,11950.0,11250.0,800062.0
1629,1629,2005.01.17,11300.0,0.0,11300.0,11600.0,11200.0,816845.0
1630,1630,2005.01.18,11700.0,400.0,11400.0,12000.0,11300.0,1304525.0
1631,1631,2005.01.19,11450.0,250.0,11800.0,12150.0,11400.0,699081.0
1632,1632,2005.01.20,10950.0,500.0,11400.0,11450.0,10750.0,585651.0
1633,1633,2005.01.21,11100.0,150.0,10900.0,11250.0,10900.0,367648.0
1634,1634,2005.01.24,11200.0,100.0,11100.0,11350.0,10900.0,515601.0
1635,1635,2005.01.25,11400.0,200.0,11200.0,11850.0,10900.0,892441.0
1636,1636,2005.01.26,12100.0,700.0,11600.0,12750.0,11400.0,1907591.0
1637,1637,2005.01.27,11450.0,650.0,12350.0,12450.0,11400.0,753200.0
1638,1638,2005.01.28,11200.0,250.0,11450.0,11500.0,11150.0,356848.0
1639,1639,2005.01.31,11300.0,100.0,11300.0,11750.0,11250.0,503928.0
1640,1640,2005.02.01,11500.0,200.0,11250.0,11500.0,11000.0,479695.0
1641,1641,2005.02.02,11100.0,400.0,11500.0,11600.0,11050.0,283405.0
1642,1642,2005.02.03,10850.0,250.0,10900.0,11150.0,10850.0,307441.0
1643,1643,2005.02.04,11000.0,150.0,10850.0,11050.0,10850.0,174700.0
1644,1644,2005.02.07,11150.0,150.0,11000.0,11200.0,10950.0,256940.0
1645,1645,2005.02.11,10950.0,200.0,11050.0,11100.0,10900.0,253019.0
1646,1646,2005.02.14,11200.0,250.0,11150.0,11250.0,11050.0,361155.0
1647,1647,2005.02.15,11500.0,300.0,11400.0,11650.0,11300.0,548210.0
1648,1648,2005.02.16,11150.0,350.0,11550.0,11600.0,11100.0,355438.0
1649,1649,2005.02.17,11400.0,250.0,11350.0,11850.0,11250.0,1055399.0
1650,1650,2005.02.18,11300.0,100.0,11400.0,11400.0,11100.0,322826.0
1651,1651,2005.02.21,11300.0,0.0,11450.0,11600.0,11200.0,363760.0
1652,1652,2005.02.22,11050.0,250.0,11300.0,11500.0,10950.0,448954.0
1653,1653,2005.02.23,10450.0,600.0,10850.0,11050.0,10450.0,728072.0
1654,1654,2005.02.24,10550.0,100.0,10500.0,10750.0,10450.0,315992.0
1655,1655,2005.02.25,10500.0,50.0,10700.0,11150.0,10500.0,757795.0
1656,1656,2005.02.28,10550.0,50.0,10550.0,10700.0,10450.0,250309.0
1657,1657,2005.03.02,10600.0,50.0,10650.0,10750.0,10450.0,302299.0
1658,1658,2005.03.03,10400.0,200.0,10500.0,10650.0,10400.0,278503.0
1659,1659,2005.03.04,10450.0,50.0,10400.0,10600.0,10300.0,285158.0
1660,1660,2005.03.07,10500.0,50.0,10600.0,10950.0,10300.0,659607.0
1661,1661,2005.03.08,10300.0,200.0,10550.0,10750.0,10250.0,304965.0
1662,1662,2005.03.09,10200.0,100.0,10100.0,10300.0,10050.0,267588.0
1663,1663,2005.03.10,10150.0,50.0,10050.0,10250.0,10050.0,195393.0
1664,1664,2005.03.11,10250.0,100.0,10150.0,10300.0,10150.0,256136.0
1665,1665,2005.03.14,10350.0,100.0,10300.0,10450.0,10200.0,234019.0
1666,1666,2005.03.15,10350.0,0.0,10550.0,10800.0,10300.0,669217.0
1667,1667,2005.03.16,10300.0,50.0,10400.0,10500.0,10050.0,210854.0
1668,1668,2005.03.17,9930.0,370.0,10050.0,10300.0,9700.0,303633.0
1669,1669,2005.03.18,9500.0,430.0,9810.0,9970.0,9500.0,273384.0
1670,1670,2005.03.21,9230.0,270.0,9390.0,9600.0,9220.0,269727.0
1671,1671,2005.03.22,9020.0,210.0,9110.0,9270.0,9010.0,205394.0
1672,1672,2005.03.23,9080.0,60.0,8940.0,9240.0,8940.0,209273.0
1673,1673,2005.03.24,9200.0,120.0,9120.0,9560.0,9120.0,422662.0
1674,1674,2005.03.25,9340.0,140.0,9320.0,9580.0,9290.0,373556.0
1675,1675,2005.03.28,9250.0,90.0,9440.0,9510.0,9150.0,208562.0
1676,1676,2005.03.29,9170.0,80.0,9260.0,9410.0,9170.0,279977.0
1677,1677,2005.03.30,9070.0,100.0,9100.0,9420.0,9070.0,537818.0
1678,1678,2005.03.31,9110.0,40.0,9240.0,9260.0,9070.0,132267.0
1679,1679,2005.04.01,8940.0,170.0,9000.0,9100.0,8920.0,271034.0
1680,1680,2005.04.04,8890.0,50.0,8910.0,8960.0,8780.0,254721.0
1681,1681,2005.04.06,8800.0,90.0,8850.0,8900.0,8800.0,153854.0
1682,1682,2005.04.07,8880.0,80.0,8800.0,8920.0,8800.0,175713.0
1683,1683,2005.04.08,8900.0,20.0,8880.0,8960.0,8860.0,157933.0
1684,1684,2005.04.11,9060.0,160.0,8900.0,9060.0,8850.0,198831.0
1685,1685,2005.04.12,9290.0,230.0,9100.0,9740.0,8980.0,909374.0
1686,1686,2005.04.13,9110.0,180.0,9310.0,9400.0,9110.0,204395.0
1687,1687,2005.04.14,8870.0,240.0,9140.0,9140.0,8850.0,160966.0
1688,1688,2005.04.15,8600.0,270.0,8760.0,8800.0,8540.0,182084.0
1689,1689,2005.04.18,8060.0,540.0,8220.0,8320.0,8050.0,236813.0
1690,1690,2005.04.19,8150.0,90.0,8110.0,8230.0,8100.0,117178.0
1691,1691,2005.04.20,8170.0,20.0,8220.0,8320.0,8150.0,171705.0
1692,1692,2005.04.21,8150.0,20.0,7950.0,8390.0,7950.0,176647.0
1693,1693,2005.04.22,8250.0,100.0,8320.0,8420.0,8250.0,163201.0
1694,1694,2005.04.25,8150.0,100.0,8190.0,8260.0,8110.0,86713.0
1695,1695,2005.04.26,8180.0,30.0,8170.0,8270.0,8150.0,102962.0
1696,1696,2005.04.27,8050.0,130.0,8060.0,8130.0,8030.0,72404.0
1697,1697,2005.04.28,8020.0,30.0,8070.0,8100.0,7960.0,54506.0
1698,1698,2005.04.29,7810.0,210.0,7770.0,7930.0,7760.0,89555.0
1699,1699,2005.05.02,7860.0,50.0,7820.0,7980.0,7820.0,116094.0
1700,1700,2005.05.03,7750.0,110.0,7860.0,7930.0,7750.0,64364.0
1701,1701,2005.05.04,7810.0,60.0,7670.0,8000.0,7670.0,98451.0
1702,1702,2005.05.06,7940.0,130.0,7880.0,7960.0,7870.0,61281.0
1703,1703,2005.05.09,8000.0,60.0,7950.0,8070.0,7910.0,130351.0
1704,1704,2005.05.10,8250.0,250.0,8030.0,8550.0,8030.0,283822.0
1705,1705,2005.05.11,8020.0,230.0,8120.0,8360.0,8000.0,126739.0
1706,1706,2005.05.12,8000.0,20.0,8100.0,8150.0,8000.0,57620.0
1707,1707,2005.05.13,8000.0,0.0,7960.0,8040.0,7870.0,46912.0
1708,1708,2005.05.16,8160.0,160.0,8020.0,8200.0,8020.0,55820.0
1709,1709,2005.05.17,8110.0,50.0,8180.0,8260.0,8070.0,50217.0
1710,1710,2005.05.18,8100.0,10.0,8200.0,8200.0,8100.0,48617.0
1711,1711,2005.05.19,8220.0,120.0,8160.0,8330.0,8160.0,88332.0
1712,1712,2005.05.20,8200.0,20.0,8300.0,8300.0,8160.0,60436.0
1713,1713,2005.05.23,8200.0,0.0,8150.0,8310.0,8120.0,89597.0
1714,1714,2005.05.24,8110.0,90.0,8210.0,8230.0,8100.0,68309.0
1715,1715,2005.05.25,8120.0,10.0,8140.0,8320.0,8110.0,112302.0
1716,1716,2005.05.26,8830.0,710.0,8120.0,8830.0,8100.0,311561.0
1717,1717,2005.05.27,8640.0,190.0,8800.0,8830.0,8550.0,358524.0
1718,1718,2005.05.30,8660.0,20.0,8650.0,8810.0,8610.0,176913.0
1719,1719,2005.05.31,8760.0,100.0,8700.0,9050.0,8680.0,316710.0
1720,1720,2005.06.01,8550.0,210.0,8760.0,8820.0,8550.0,153667.0
1721,1721,2005.06.02,8580.0,30.0,8580.0,8970.0,8580.0,327676.0
1722,1722,2005.06.03,8790.0,210.0,8580.0,8790.0,8460.0,223028.0
1723,1723,2005.06.07,8810.0,20.0,8820.0,8950.0,8680.0,348841.0
1724,1724,2005.06.08,8850.0,40.0,8820.0,8890.0,8710.0,236638.0
1725,1725,2005.06.09,9240.0,390.0,8860.0,9240.0,8860.0,401095.0
1726,1726,2005.06.10,9230.0,10.0,9230.0,9260.0,9050.0,136943.0
1727,1727,2005.06.13,9060.0,170.0,9160.0,9250.0,9060.0,131937.0
1728,1728,2005.06.14,9000.0,60.0,9100.0,9280.0,8980.0,142379.0
1729,1729,2005.06.15,9100.0,100.0,8910.0,9550.0,8900.0,657392.0
1730,1730,2005.06.16,9130.0,30.0,9150.0,9250.0,9070.0,130031.0
1731,1731,2005.06.17,9050.0,80.0,9120.0,9160.0,9040.0,120084.0
1732,1732,2005.06.20,8910.0,140.0,9060.0,9090.0,8870.0,130381.0
1733,1733,2005.06.21,8600.0,310.0,8830.0,8980.0,8550.0,200876.0
1734,1734,2005.06.22,8620.0,20.0,8590.0,8660.0,8540.0,128702.0
1735,1735,2005.06.23,8600.0,20.0,8620.0,8700.0,8600.0,138785.0
1736,1736,2005.06.24,8480.0,120.0,8600.0,8600.0,8410.0,94852.0
1737,1737,2005.06.27,8310.0,170.0,8350.0,8440.0,8290.0,97355.0
1738,1738,2005.06.28,8300.0,10.0,8250.0,8330.0,8250.0,101199.0
1739,1739,2005.06.29,8330.0,30.0,8310.0,8450.0,8310.0,139942.0
1740,1740,2005.06.30,8560.0,230.0,8330.0,8560.0,8330.0,160881.0
1741,1741,2005.07.01,8660.0,100.0,8530.0,8670.0,8520.0,145354.0
1742,1742,2005.07.04,8650.0,10.0,8660.0,8700.0,8600.0,67440.0
1743,1743,2005.07.05,8550.0,100.0,8630.0,8710.0,8530.0,83087.0
1744,1744,2005.07.06,8730.0,180.0,8650.0,8840.0,8620.0,155268.0
1745,1745,2005.07.07,8750.0,20.0,8710.0,8820.0,8650.0,88225.0
1746,1746,2005.07.08,8540.0,210.0,8690.0,8710.0,8540.0,120568.0
1747,1747,2005.07.11,8780.0,240.0,8610.0,8860.0,8600.0,213779.0
1748,1748,2005.07.12,8560.0,220.0,8860.0,8870.0,8560.0,197784.0
1749,1749,2005.07.13,8530.0,30.0,8600.0,8690.0,8510.0,106193.0
1750,1750,2005.07.14,8470.0,60.0,8540.0,8660.0,8470.0,138052.0
1751,1751,2005.07.15,8500.0,30.0,8480.0,8560.0,8480.0,99703.0
1752,1752,2005.07.18,8600.0,100.0,8600.0,8690.0,8550.0,105427.0
1753,1753,2005.07.19,8750.0,150.0,8570.0,8850.0,8570.0,185447.0
1754,1754,2005.07.20,8750.0,0.0,8840.0,9030.0,8560.0,192682.0
1755,1755,2005.07.21,8810.0,60.0,8780.0,8950.0,8630.0,172068.0
1756,1756,2005.07.22,9230.0,420.0,8810.0,9600.0,8810.0,1275209.0
1757,1757,2005.07.25,9290.0,60.0,9330.0,9380.0,9150.0,303069.0
1758,1758,2005.07.26,9370.0,80.0,9340.0,9780.0,9200.0,871279.0
1759,1759,2005.07.27,9220.0,150.0,9220.0,9370.0,9210.0,288391.0
1760,1760,2005.07.28,9100.0,120.0,9220.0,9300.0,9080.0,269861.0
1761,1761,2005.07.29,9140.0,40.0,9110.0,9300.0,9110.0,140131.0
1762,1762,2005.08.01,9120.0,20.0,9080.0,9220.0,9080.0,132886.0
1763,1763,2005.08.02,9320.0,200.0,9110.0,9410.0,9110.0,291407.0
1764,1764,2005.08.03,9090.0,230.0,9470.0,9510.0,9090.0,211236.0
1765,1765,2005.08.04,8750.0,340.0,9090.0,9170.0,8750.0,211495.0
1766,1766,2005.08.05,8360.0,390.0,8550.0,8560.0,8350.0,188852.0
1767,1767,2005.08.08,8290.0,70.0,8200.0,8420.0,8180.0,144739.0
1768,1768,2005.08.09,8280.0,10.0,8110.0,8340.0,8110.0,194891.0
1769,1769,2005.08.10,8360.0,80.0,8360.0,8420.0,8300.0,104588.0
1770,1770,2005.08.11,8500.0,140.0,8300.0,8500.0,8300.0,76387.0
1771,1771,2005.08.12,8500.0,0.0,8510.0,8560.0,8480.0,102149.0
1772,1772,2005.08.16,8360.0,140.0,8510.0,8510.0,8290.0,90242.0
1773,1773,2005.08.17,8300.0,60.0,8300.0,8430.0,8260.0,120429.0
1774,1774,2005.08.18,8150.0,150.0,8300.0,8360.0,8150.0,130892.0
1775,1775,2005.08.19,8090.0,60.0,8060.0,8170.0,8040.0,89269.0
1776,1776,2005.08.22,8170.0,80.0,8050.0,8230.0,8050.0,63861.0
1777,1777,2005.08.23,8200.0,30.0,8160.0,8240.0,8150.0,51059.0
1778,1778,2005.08.24,8170.0,30.0,8200.0,8300.0,8120.0,77364.0
1779,1779,2005.08.25,8180.0,10.0,8150.0,8290.0,8140.0,67528.0
1780,1780,2005.08.26,8080.0,100.0,8120.0,8200.0,8080.0,59993.0
1781,1781,2005.08.29,7750.0,330.0,8040.0,8040.0,7680.0,138387.0
1782,1782,2005.08.30,7790.0,40.0,7800.0,7890.0,7770.0,70941.0
1783,1783,2005.08.31,7880.0,90.0,7790.0,8090.0,7790.0,182658.0
1784,1784,2005.09.01,7910.0,30.0,7910.0,7970.0,7870.0,100035.0
1785,1785,2005.09.02,7950.0,40.0,7870.0,7970.0,7850.0,67366.0
1786,1786,2005.09.05,8040.0,90.0,7980.0,8060.0,7920.0,70510.0
1787,1787,2005.09.06,7990.0,50.0,8030.0,8110.0,7990.0,84018.0
1788,1788,2005.09.07,7990.0,0.0,8070.0,8100.0,7990.0,74598.0
1789,1789,2005.09.08,7860.0,130.0,8080.0,8080.0,7860.0,128154.0
1790,1790,2005.09.09,7910.0,50.0,7860.0,7970.0,7860.0,76375.0
1791,1791,2005.09.12,7900.0,10.0,7940.0,7990.0,7890.0,83903.0
1792,1792,2005.09.13,7840.0,60.0,7910.0,8010.0,7840.0,82584.0
1793,1793,2005.09.14,7840.0,0.0,7920.0,7920.0,7820.0,69855.0
1794,1794,2005.09.15,7960.0,120.0,7860.0,8060.0,7840.0,132541.0
1795,1795,2005.09.16,8010.0,50.0,7950.0,8060.0,7920.0,81926.0
1796,1796,2005.09.20,8150.0,140.0,8070.0,8220.0,8000.0,123602.0
1797,1797,2005.09.21,8170.0,20.0,8100.0,8260.0,8080.0,85200.0
1798,1798,2005.09.22,8170.0,0.0,8120.0,8300.0,8120.0,65650.0
1799,1799,2005.09.23,8150.0,20.0,8170.0,8250.0,8130.0,103948.0
1800,1800,2005.09.26,8430.0,280.0,8150.0,8430.0,8150.0,789166.0
1801,1801,2005.09.27,8860.0,430.0,8510.0,9650.0,8510.0,1476494.0
1802,1802,2005.09.28,8630.0,230.0,9000.0,9040.0,8580.0,389749.0
1803,1803,2005.09.29,8760.0,130.0,8650.0,8950.0,8630.0,240199.0
1804,1804,2005.09.30,8770.0,10.0,8770.0,8880.0,8740.0,141072.0
1805,1805,2005.10.04,8860.0,90.0,8760.0,9000.0,8760.0,149796.0
1806,1806,2005.10.05,8890.0,30.0,8820.0,8940.0,8810.0,133303.0
1807,1807,2005.10.06,8850.0,40.0,8810.0,8900.0,8710.0,95846.0
1808,1808,2005.10.07,8830.0,20.0,8790.0,8910.0,8790.0,109156.0
1809,1809,2005.10.10,9100.0,270.0,8860.0,9270.0,8860.0,289954.0
1810,1810,2005.10.11,9200.0,100.0,9100.0,9420.0,9090.0,313674.0
1811,1811,2005.10.12,9060.0,140.0,9240.0,9260.0,9050.0,185948.0
1812,1812,2005.10.13,9070.0,10.0,9010.0,9150.0,8980.0,129903.0
1813,1813,2005.10.14,9110.0,40.0,9100.0,9220.0,9070.0,146335.0
1814,1814,2005.10.17,8900.0,210.0,9110.0,9150.0,8810.0,121196.0
1815,1815,2005.10.18,8970.0,70.0,8900.0,9010.0,8820.0,103460.0
1816,1816,2005.10.19,8700.0,270.0,8880.0,8970.0,8600.0,114567.0
1817,1817,2005.10.20,8780.0,80.0,8710.0,8930.0,8710.0,89132.0
1818,1818,2005.10.21,8900.0,120.0,8620.0,8930.0,8610.0,79003.0
1819,1819,2005.10.24,9100.0,200.0,9000.0,9180.0,8930.0,137899.0
1820,1820,2005.10.25,9020.0,80.0,9130.0,9190.0,8980.0,83885.0
1821,1821,2005.10.26,8950.0,70.0,9050.0,9050.0,8850.0,100208.0
1822,1822,2005.10.27,8760.0,190.0,8950.0,9000.0,8740.0,114281.0
1823,1823,2005.10.28,8710.0,50.0,8760.0,8850.0,8600.0,70137.0
1824,1824,2005.10.31,8810.0,100.0,8930.0,8930.0,8670.0,92350.0
1825,1825,2005.11.01,8950.0,140.0,8810.0,9000.0,8810.0,67817.0
1826,1826,2005.11.02,8970.0,20.0,9000.0,9040.0,8920.0,103308.0
1827,1827,2005.11.03,9080.0,110.0,9020.0,9190.0,9000.0,87751.0
1828,1828,2005.11.04,9200.0,120.0,9090.0,9310.0,9090.0,159456.0
1829,1829,2005.11.07,9430.0,230.0,9350.0,9800.0,9320.0,373018.0
1830,1830,2005.11.08,9410.0,20.0,9470.0,9490.0,9300.0,130835.0
1831,1831,2005.11.09,9250.0,160.0,9370.0,9510.0,9250.0,166304.0
1832,1832,2005.11.10,9600.0,350.0,9250.0,9620.0,9230.0,248848.0
1833,1833,2005.11.11,9610.0,10.0,9730.0,9790.0,9570.0,157678.0
1834,1834,2005.11.14,9470.0,140.0,9620.0,9730.0,9460.0,163719.0
1835,1835,2005.11.15,9400.0,70.0,9380.0,9460.0,9330.0,150933.0
1836,1836,2005.11.16,9650.0,250.0,9530.0,9780.0,9510.0,329167.0
1837,1837,2005.11.17,9670.0,20.0,9630.0,9720.0,9540.0,161075.0
1838,1838,2005.11.18,10200.0,530.0,9680.0,10300.0,9650.0,484609.0
1839,1839,2005.11.21,10300.0,100.0,10300.0,10600.0,10100.0,362115.0
1840,1840,2005.11.22,10750.0,450.0,10300.0,11000.0,10150.0,448234.0
1841,1841,2005.11.23,10850.0,100.0,10850.0,11200.0,10750.0,429406.0
1842,1842,2005.11.24,12100.0,1250.0,11000.0,12450.0,10950.0,1070185.0
1843,1843,2005.11.25,13300.0,1200.0,12000.0,13700.0,11700.0,1185691.0
1844,1844,2005.11.28,14350.0,1050.0,13600.0,14700.0,13200.0,1249304.0
1845,1845,2005.11.29,13850.0,500.0,14100.0,14900.0,13550.0,577844.0
1846,1846,2005.11.30,14350.0,500.0,14000.0,14350.0,13600.0,421773.0
1847,1847,2005.12.01,16500.0,2150.0,14650.0,16500.0,14450.0,1441407.0
1848,1848,2005.12.02,16600.0,100.0,16600.0,18700.0,16250.0,1643238.0
1849,1849,2005.12.05,17850.0,1250.0,17000.0,18050.0,16700.0,836011.0
1850,1850,2005.12.06,17300.0,550.0,18150.0,18150.0,17150.0,570424.0
1851,1851,2005.12.07,16200.0,1100.0,16800.0,17800.0,15700.0,806777.0
1852,1852,2005.12.08,16900.0,700.0,16050.0,17000.0,15850.0,763601.0
1853,1853,2005.12.09,16900.0,0.0,16900.0,16900.0,16900.0,0.0
1854,1854,2005.12.12,16900.0,0.0,16900.0,16900.0,16900.0,0.0
1855,1855,2005.12.13,16900.0,0.0,16900.0,16900.0,16900.0,0.0
1856,1856,2005.12.14,16900.0,0.0,16900.0,16900.0,16900.0,0.0
1857,1857,2005.12.15,16900.0,0.0,16900.0,16900.0,16900.0,0.0
1858,1858,2005.12.16,16900.0,0.0,16900.0,16900.0,16900.0,0.0
1859,1859,2005.12.19,16900.0,0.0,16900.0,16900.0,16900.0,0.0
1860,1860,2005.12.20,16900.0,0.0,16900.0,16900.0,16900.0,0.0
1861,1861,2005.12.21,16900.0,0.0,16900.0,16900.0,16900.0,0.0
1862,1862,2005.12.22,1690.0,0.0,1690.0,1690.0,1690.0,0.0
1863,1863,2005.12.23,1850.0,160.0,1735.0,1940.0,1735.0,35783301.0
1864,1864,2005.12.26,1690.0,160.0,1880.0,1880.0,1640.0,12582078.0
1865,1865,2005.12.27,1510.0,180.0,1720.0,1730.0,1510.0,9202488.0
1866,1866,2005.12.28,1480.0,30.0,1480.0,1610.0,1420.0,9102107.0
1867,1867,2005.12.29,1435.0,45.0,1495.0,1520.0,1430.0,4783448.0
1868,1868,2006.01.02,1500.0,65.0,1430.0,1535.0,1380.0,9014976.0
1869,1869,2006.01.03,1525.0,25.0,1520.0,1560.0,1480.0,5582327.0
1870,1870,2006.01.04,1545.0,20.0,1550.0,1600.0,1515.0,8174077.0
1871,1871,2006.01.05,1455.0,90.0,1540.0,1560.0,1420.0,4907018.0
1872,1872,2006.01.06,1325.0,130.0,1445.0,1470.0,1325.0,8857646.0
1873,1873,2006.01.09,1330.0,5.0,1330.0,1380.0,1320.0,7390758.0
1874,1874,2006.01.10,1335.0,5.0,1350.0,1385.0,1330.0,5251784.0
1875,1875,2006.01.11,1535.0,200.0,1320.0,1535.0,1320.0,19545562.0
1876,1876,2006.01.12,1515.0,20.0,1580.0,1605.0,1470.0,12798998.0
1877,1877,2006.01.13,1605.0,90.0,1520.0,1715.0,1480.0,20156896.0
1878,1878,2006.01.16,1615.0,10.0,1630.0,1655.0,1570.0,10052412.0
1879,1879,2006.01.17,1510.0,105.0,1645.0,1725.0,1505.0,13602759.0
1880,1880,2006.01.18,1500.0,10.0,1510.0,1560.0,1300.0,12774798.0
1881,1881,2006.01.19,1635.0,135.0,1530.0,1725.0,1465.0,23873963.0
1882,1882,2006.01.20,1665.0,30.0,1655.0,1880.0,1630.0,46593255.0
1883,1883,2006.01.23,1445.0,220.0,1600.0,1730.0,1440.0,22317361.0
1884,1884,2006.01.24,1420.0,25.0,1495.0,1540.0,1255.0,16592065.0
1885,1885,2006.01.25,1440.0,20.0,1430.0,1530.0,1425.0,18442086.0
1886,1886,2006.01.26,1450.0,10.0,1480.0,1510.0,1415.0,7866285.0
1887,1887,2006.01.27,1555.0,105.0,1500.0,1605.0,1465.0,18932081.0
1888,1888,2006.01.31,1580.0,25.0,1570.0,1645.0,1550.0,11273310.0
1889,1889,2006.02.01,1500.0,80.0,1550.0,1575.0,1440.0,8188948.0
1890,1890,2006.02.02,1510.0,10.0,1535.0,1560.0,1465.0,6061043.0
1891,1891,2006.02.03,1435.0,75.0,1430.0,1475.0,1430.0,5277624.0
1892,1892,2006.02.06,1445.0,10.0,1380.0,1445.0,1380.0,3777755.0
1893,1893,2006.02.07,1445.0,0.0,1440.0,1525.0,1430.0,6360355.0
1894,1894,2006.02.08,1410.0,35.0,1445.0,1470.0,1400.0,3945380.0
1895,1895,2006.02.09,1410.0,0.0,1430.0,1440.0,1400.0,3439770.0
1896,1896,2006.02.10,1400.0,10.0,1410.0,1425.0,1390.0,3256087.0
1897,1897,2006.02.13,1405.0,5.0,1400.0,1440.0,1400.0,3493865.0
1898,1898,2006.02.14,1390.0,15.0,1390.0,1405.0,1365.0,3145374.0
1899,1899,2006.02.15,1320.0,70.0,1410.0,1420.0,1320.0,4136282.0
1900,1900,2006.02.16,1305.0,15.0,1320.0,1345.0,1290.0,3173029.0
1901,1901,2006.02.17,1320.0,15.0,1310.0,1345.0,1300.0,4132400.0
1902,1902,2006.02.20,1380.0,60.0,1315.0,1410.0,1315.0,5906547.0
1903,1903,2006.02.21,1355.0,25.0,1380.0,1395.0,1345.0,2562216.0
1904,1904,2006.02.22,1335.0,20.0,1350.0,1375.0,1325.0,2097578.0
1905,1905,2006.02.23,1380.0,45.0,1350.0,1470.0,1350.0,11727092.0
1906,1906,2006.02.24,1425.0,45.0,1395.0,1475.0,1395.0,6052135.0
1907,1907,2006.02.27,1425.0,0.0,1460.0,1480.0,1415.0,3891815.0
1908,1908,2006.02.28,1400.0,25.0,1440.0,1440.0,1390.0,3025232.0
1909,1909,2006.03.02,1370.0,30.0,1400.0,1420.0,1370.0,4305502.0
1910,1910,2006.03.03,1320.0,50.0,1360.0,1380.0,1310.0,3618685.0
1911,1911,2006.03.06,1330.0,10.0,1320.0,1355.0,1310.0,4221466.0
1912,1912,2006.03.07,1260.0,70.0,1305.0,1325.0,1250.0,5387351.0
1913,1913,2006.03.08,1265.0,5.0,1245.0,1295.0,1245.0,3543331.0
1914,1914,2006.03.09,1265.0,0.0,1265.0,1280.0,1260.0,2840967.0
1915,1915,2006.03.10,1250.0,15.0,1240.0,1275.0,1235.0,2940601.0
1916,1916,2006.03.13,1285.0,35.0,1270.0,1295.0,1265.0,3295318.0
1917,1917,2006.03.14,1285.0,0.0,1290.0,1310.0,1270.0,2027202.0
1918,1918,2006.03.15,1345.0,60.0,1300.0,1370.0,1280.0,5088344.0
1919,1919,2006.03.16,1310.0,35.0,1365.0,1375.0,1305.0,3470765.0
1920,1920,2006.03.17,1270.0,40.0,1290.0,1310.0,1265.0,2916913.0
1921,1921,2006.03.20,1265.0,5.0,1270.0,1285.0,1255.0,1982316.0
1922,1922,2006.03.21,1255.0,10.0,1265.0,1275.0,1250.0,2232568.0
1923,1923,2006.03.22,1210.0,45.0,1240.0,1250.0,1195.0,3705142.0
1924,1924,2006.03.23,1200.0,10.0,1230.0,1235.0,1195.0,2480879.0
1925,1925,2006.03.24,1160.0,40.0,1200.0,1210.0,1150.0,2633127.0
1926,1926,2006.03.27,1165.0,5.0,1160.0,1190.0,1160.0,1848720.0
1927,1927,2006.03.28,1120.0,45.0,1155.0,1170.0,1120.0,2884792.0
1928,1928,2006.03.29,1105.0,15.0,1115.0,1120.0,1085.0,2611711.0
1929,1929,2006.03.30,1180.0,75.0,1125.0,1220.0,1125.0,8058526.0
1930,1930,2006.03.31,1185.0,5.0,1195.0,1200.0,1175.0,2488554.0
1931,1931,2006.04.03,1195.0,10.0,1190.0,1215.0,1180.0,3081453.0
1932,1932,2006.04.04,1195.0,0.0,1195.0,1205.0,1175.0,2517213.0
1933,1933,2006.04.05,1240.0,45.0,1205.0,1290.0,1205.0,6335371.0
1934,1934,2006.04.06,1230.0,10.0,1260.0,1275.0,1225.0,2411299.0
1935,1935,2006.04.07,1205.0,25.0,1240.0,1240.0,1205.0,2168104.0
1936,1936,2006.04.10,1195.0,10.0,1195.0,1220.0,1185.0,1863505.0
1937,1937,2006.04.11,1225.0,30.0,1195.0,1225.0,1190.0,3098736.0
1938,1938,2006.04.12,1275.0,50.0,1250.0,1330.0,1230.0,11518075.0
1939,1939,2006.04.13,1270.0,5.0,1285.0,1290.0,1250.0,2905890.0
1940,1940,2006.04.14,1275.0,5.0,1290.0,1305.0,1270.0,3762850.0
1941,1941,2006.04.17,1310.0,35.0,1275.0,1325.0,1270.0,4482246.0
1942,1942,2006.04.18,1305.0,5.0,1300.0,1380.0,1290.0,9485936.0
1943,1943,2006.04.19,1250.0,55.0,1320.0,1330.0,1245.0,4447589.0
1944,1944,2006.04.20,1200.0,50.0,1240.0,1260.0,1195.0,3328478.0
1945,1945,2006.04.21,1210.0,10.0,1210.0,1225.0,1200.0,2044540.0
1946,1946,2006.04.24,1185.0,25.0,1210.0,1210.0,1175.0,2469226.0
1947,1947,2006.04.25,1185.0,0.0,1175.0,1200.0,1175.0,2018856.0
1948,1948,2006.04.26,1190.0,5.0,1180.0,1195.0,1180.0,1623569.0
1949,1949,2006.04.27,1220.0,30.0,1195.0,1250.0,1185.0,3964172.0
1950,1950,2006.04.28,1200.0,20.0,1210.0,1230.0,1170.0,3907023.0
1951,1951,2006.05.02,1175.0,25.0,1195.0,1200.0,1175.0,1524834.0
1952,1952,2006.05.03,1185.0,10.0,1175.0,1225.0,1175.0,3370235.0
1953,1953,2006.05.04,1220.0,35.0,1185.0,1240.0,1185.0,1974213.0
1954,1954,2006.05.08,1225.0,5.0,1230.0,1240.0,1205.0,1548174.0
1955,1955,2006.05.09,1225.0,0.0,1220.0,1280.0,1195.0,5367700.0
1956,1956,2006.05.10,1205.0,20.0,1240.0,1270.0,1205.0,3136896.0
1957,1957,2006.05.11,1200.0,5.0,1220.0,1220.0,1200.0,1792650.0
1958,1958,2006.05.12,1265.0,65.0,1195.0,1320.0,1185.0,10602590.0
1959,1959,2006.05.15,1255.0,10.0,1280.0,1340.0,1255.0,9279265.0
1960,1960,2006.05.16,1220.0,35.0,1275.0,1285.0,1205.0,4013744.0
1961,1961,2006.05.17,1280.0,60.0,1230.0,1295.0,1230.0,5100309.0
1962,1962,2006.05.18,1235.0,45.0,1240.0,1250.0,1205.0,3089758.0
1963,1963,2006.05.19,1220.0,15.0,1220.0,1250.0,1185.0,2919314.0
1964,1964,2006.05.22,1195.0,25.0,1225.0,1250.0,1190.0,2773271.0
1965,1965,2006.05.23,1195.0,0.0,1190.0,1195.0,1165.0,2144720.0
1966,1966,2006.05.24,1165.0,30.0,1185.0,1195.0,1145.0,1795249.0
1967,1967,2006.05.25,1095.0,70.0,1170.0,1175.0,1095.0,1765537.0
1968,1968,2006.05.26,1115.0,20.0,1120.0,1140.0,1115.0,1523766.0
1969,1969,2006.05.29,1135.0,20.0,1125.0,1135.0,1115.0,1238041.0
1970,1970,2006.05.30,1120.0,15.0,1140.0,1145.0,1105.0,1128092.0
1971,1971,2006.06.01,1075.0,45.0,1120.0,1125.0,1075.0,1608291.0
1972,1972,2006.06.02,1080.0,5.0,1085.0,1100.0,1050.0,1285765.0
1973,1973,2006.06.05,1075.0,5.0,1070.0,1080.0,1040.0,1467917.0
1974,1974,2006.06.07,1215.0,140.0,1055.0,1220.0,1040.0,5686476.0
1975,1975,2006.06.08,1225.0,10.0,1200.0,1295.0,1195.0,8591717.0
1976,1976,2006.06.09,1380.0,155.0,1255.0,1400.0,1235.0,6892309.0
1977,1977,2006.06.12,1430.0,50.0,1410.0,1450.0,1360.0,6644537.0
1978,1978,2006.06.13,1220.0,210.0,1395.0,1415.0,1220.0,7011343.0
1979,1979,2006.06.14,1245.0,25.0,1170.0,1260.0,1160.0,3816076.0
1980,1980,2006.06.15,1205.0,40.0,1275.0,1285.0,1205.0,2078107.0
1981,1981,2006.06.16,1290.0,85.0,1225.0,1340.0,1225.0,4036573.0
1982,1982,2006.06.19,1285.0,5.0,1280.0,1340.0,1240.0,3168801.0
1983,1983,2006.06.20,1205.0,80.0,1285.0,1305.0,1205.0,2794247.0
1984,1984,2006.06.21,1240.0,35.0,1225.0,1240.0,1205.0,1863588.0
1985,1985,2006.06.22,1270.0,30.0,1250.0,1270.0,1235.0,3005019.0
1986,1986,2006.06.23,1280.0,10.0,1255.0,1330.0,1245.0,3317895.0
1987,1987,2006.06.26,1320.0,40.0,1295.0,1325.0,1270.0,2665228.0
1988,1988,2006.06.27,1365.0,45.0,1330.0,1510.0,1325.0,12164153.0
1989,1989,2006.06.28,1385.0,20.0,1350.0,1415.0,1315.0,3354404.0
1990,1990,2006.06.29,1385.0,0.0,1410.0,1465.0,1370.0,4693480.0
1991,1991,2006.06.30,1385.0,0.0,1405.0,1425.0,1380.0,2224345.0
1992,1992,2006.07.03,1400.0,15.0,1405.0,1420.0,1375.0,1744694.0
1993,1993,2006.07.04,1435.0,35.0,1415.0,1475.0,1405.0,3941401.0
1994,1994,2006.07.05,1385.0,50.0,1405.0,1435.0,1380.0,3967769.0
1995,1995,2006.07.06,1395.0,10.0,1380.0,1400.0,1355.0,2188656.0
1996,1996,2006.07.07,1380.0,15.0,1415.0,1425.0,1380.0,1667518.0
1997,1997,2006.07.10,1390.0,10.0,1370.0,1395.0,1330.0,1728309.0
1998,1998,2006.07.11,1405.0,15.0,1380.0,1445.0,1375.0,2068716.0
1999,1999,2006.07.12,1420.0,15.0,1410.0,1470.0,1395.0,3985539.0
2000,2000,2006.07.13,1390.0,30.0,1400.0,1425.0,1390.0,1254199.0
2001,2001,2006.07.14,1310.0,80.0,1365.0,1375.0,1300.0,2199805.0
2002,2002,2006.07.18,1265.0,45.0,1295.0,1305.0,1255.0,1717965.0
2003,2003,2006.07.19,1265.0,0.0,1290.0,1305.0,1265.0,1224106.0
2004,2004,2006.07.20,1320.0,55.0,1305.0,1335.0,1295.0,1535208.0
2005,2005,2006.07.21,1325.0,5.0,1300.0,1325.0,1285.0,1193954.0
2006,2006,2006.07.24,1350.0,25.0,1335.0,1365.0,1330.0,1579673.0
2007,2007,2006.07.25,1350.0,0.0,1380.0,1380.0,1340.0,1152687.0
2008,2008,2006.07.26,1320.0,30.0,1355.0,1360.0,1310.0,1060586.0
2009,2009,2006.07.27,1315.0,5.0,1320.0,1335.0,1305.0,884114.0
2010,2010,2006.07.28,1320.0,5.0,1310.0,1330.0,1310.0,676357.0
2011,2011,2006.07.31,1315.0,5.0,1325.0,1355.0,1315.0,849473.0
2012,2012,2006.08.01,1280.0,35.0,1315.0,1325.0,1280.0,1138581.0
2013,2013,2006.08.02,1280.0,0.0,1265.0,1290.0,1265.0,773286.0
2014,2014,2006.08.03,1250.0,30.0,1290.0,1295.0,1220.0,1628319.0
2015,2015,2006.08.04,1240.0,10.0,1250.0,1255.0,1220.0,1372470.0
2016,2016,2006.08.07,1260.0,20.0,1240.0,1285.0,1230.0,1094232.0
2017,2017,2006.08.08,1255.0,5.0,1250.0,1270.0,1245.0,667567.0
2018,2018,2006.08.09,1310.0,55.0,1255.0,1310.0,1250.0,1206016.0
2019,2019,2006.08.10,1300.0,10.0,1300.0,1320.0,1280.0,743188.0
2020,2020,2006.08.11,1320.0,20.0,1300.0,1440.0,1300.0,7212893.0
2021,2021,2006.08.14,1285.0,35.0,1340.0,1340.0,1280.0,1572299.0
2022,2022,2006.08.16,1295.0,10.0,1310.0,1315.0,1280.0,1321867.0
2023,2023,2006.08.17,1285.0,10.0,1305.0,1330.0,1285.0,1959395.0
2024,2024,2006.08.18,1250.0,35.0,1280.0,1285.0,1230.0,3695409.0
2025,2025,2006.08.21,1230.0,20.0,1260.0,1270.0,1205.0,2173720.0
2026,2026,2006.08.22,1220.0,10.0,1205.0,1220.0,1190.0,3789501.0
2027,2027,2006.08.23,1185.0,35.0,1215.0,1235.0,1185.0,2728075.0
2028,2028,2006.08.24,1020.0,165.0,1055.0,1080.0,1010.0,12972337.0
2029,2029,2006.08.25,1030.0,10.0,1030.0,1040.0,1010.0,3274445.0
2030,2030,2006.08.28,1045.0,15.0,1035.0,1080.0,1035.0,5629177.0
2031,2031,2006.08.29,1115.0,70.0,1060.0,1115.0,1035.0,5744702.0
2032,2032,2006.08.30,1085.0,30.0,1120.0,1125.0,1075.0,3078415.0
2033,2033,2006.08.31,1085.0,0.0,1090.0,1100.0,1075.0,1721110.0
2034,2034,2006.09.01,1075.0,10.0,1085.0,1115.0,1070.0,1904030.0
2035,2035,2006.09.04,1090.0,15.0,1075.0,1095.0,1070.0,1496695.0
2036,2036,2006.09.05,1250.0,160.0,1100.0,1250.0,1095.0,9562624.0
2037,2037,2006.09.06,1300.0,50.0,1255.0,1395.0,1245.0,18660032.0
2038,2038,2006.09.07,1220.0,80.0,1290.0,1295.0,1220.0,7697484.0
2039,2039,2006.09.08,1250.0,30.0,1240.0,1335.0,1230.0,8432158.0
2040,2040,2006.09.11,1200.0,50.0,1255.0,1285.0,1200.0,2726559.0
2041,2041,2006.09.12,1200.0,0.0,1225.0,1245.0,1185.0,2568435.0
2042,2042,2006.09.13,1180.0,20.0,1205.0,1215.0,1175.0,1887600.0
2043,2043,2006.09.14,1190.0,10.0,1185.0,1195.0,1165.0,1773131.0
2044,2044,2006.09.15,1225.0,35.0,1195.0,1250.0,1190.0,2761400.0
2045,2045,2006.09.18,1340.0,115.0,1295.0,1405.0,1295.0,19134240.0
2046,2046,2006.09.19,1300.0,40.0,1340.0,1405.0,1290.0,9789757.0
2047,2047,2006.09.20,1280.0,20.0,1310.0,1315.0,1265.0,3027489.0
2048,2048,2006.09.21,1280.0,0.0,1300.0,1320.0,1280.0,3300665.0
2049,2049,2006.09.22,1240.0,40.0,1260.0,1275.0,1225.0,2250248.0
2050,2050,2006.09.25,1255.0,15.0,1230.0,1270.0,1230.0,1409316.0
2051,2051,2006.09.26,1260.0,5.0,1250.0,1310.0,1250.0,2706628.0
2052,2052,2006.09.27,1270.0,10.0,1280.0,1405.0,1270.0,4482204.0
2053,2053,2006.09.28,1295.0,25.0,1290.0,1340.0,1260.0,4040090.0
2054,2054,2006.09.29,1280.0,15.0,1300.0,1330.0,1275.0,2445030.0
2055,2055,2006.10.02,1320.0,40.0,1270.0,1330.0,1270.0,2457467.0
2056,2056,2006.10.04,1335.0,15.0,1310.0,1355.0,1300.0,2659400.0
2057,2057,2006.10.09,1225.0,110.0,1350.0,1370.0,1135.0,6179636.0
2058,2058,2006.10.10,1285.0,60.0,1230.0,1350.0,1225.0,6431953.0
2059,2059,2006.10.11,1265.0,20.0,1265.0,1295.0,1250.0,2011209.0
2060,2060,2006.10.12,1240.0,25.0,1265.0,1295.0,1240.0,2727904.0
2061,2061,2006.10.13,1240.0,0.0,1260.0,1270.0,1235.0,1367211.0
2062,2062,2006.10.16,1280.0,40.0,1255.0,1290.0,1240.0,1789827.0
2063,2063,2006.10.17,1250.0,30.0,1295.0,1295.0,1235.0,1908789.0
2064,2064,2006.10.18,1250.0,0.0,1250.0,1260.0,1220.0,1087487.0
2065,2065,2006.10.19,1240.0,10.0,1260.0,1285.0,1240.0,1572384.0
2066,2066,2006.10.20,1250.0,10.0,1250.0,1270.0,1245.0,1208088.0
2067,2067,2006.10.23,1285.0,35.0,1260.0,1305.0,1260.0,2488254.0
2068,2068,2006.10.24,1270.0,15.0,1295.0,1305.0,1265.0,1604260.0
2069,2069,2006.10.25,1270.0,0.0,1275.0,1285.0,1260.0,1060144.0
2070,2070,2006.10.26,1210.0,60.0,1255.0,1275.0,1210.0,2867585.0
2071,2071,2006.10.27,1190.0,20.0,1225.0,1225.0,1180.0,2230570.0
2072,2072,2006.10.30,1220.0,30.0,1190.0,1240.0,1175.0,1264839.0
2073,2073,2006.10.31,1205.0,15.0,1225.0,1225.0,1205.0,634906.0
2074,2074,2006.11.01,1245.0,40.0,1215.0,1245.0,1210.0,1184119.0
2075,2075,2006.11.02,1245.0,0.0,1255.0,1265.0,1235.0,1031627.0
2076,2076,2006.11.03,1255.0,10.0,1250.0,1275.0,1240.0,984205.0
2077,2077,2006.11.06,1260.0,5.0,1275.0,1275.0,1245.0,697358.0
2078,2078,2006.11.07,1280.0,20.0,1275.0,1280.0,1265.0,1526049.0
2079,2079,2006.11.08,1285.0,5.0,1290.0,1315.0,1280.0,2590286.0
2080,2080,2006.11.09,1330.0,45.0,1290.0,1355.0,1285.0,6338541.0
2081,2081,2006.11.10,1345.0,15.0,1330.0,1360.0,1310.0,3837088.0
2082,2082,2006.11.13,1370.0,25.0,1365.0,1380.0,1340.0,4562086.0
2083,2083,2006.11.14,1370.0,0.0,1370.0,1370.0,1370.0,0.0
2084,2084,2006.11.15,1370.0,0.0,1370.0,1370.0,1370.0,0.0
2085,2085,2006.11.16,1370.0,0.0,1370.0,1370.0,1370.0,0.0
2086,2086,2006.11.17,1370.0,0.0,1370.0,1370.0,1370.0,0.0
2087,2087,2006.11.20,1370.0,0.0,1370.0,1370.0,1370.0,0.0
2088,2088,2006.11.21,1370.0,0.0,1370.0,1370.0,1370.0,0.0
2089,2089,2006.11.22,1370.0,0.0,1370.0,1370.0,1370.0,0.0
2090,2090,2006.11.23,1370.0,0.0,1370.0,1370.0,1370.0,0.0
2091,2091,2006.11.24,1370.0,0.0,1370.0,1370.0,1370.0,0.0
2092,2092,2006.11.27,1370.0,0.0,1370.0,1370.0,1370.0,0.0
2093,2093,2006.11.28,1370.0,0.0,1370.0,1370.0,1370.0,0.0
2094,2094,2006.11.29,1370.0,0.0,1370.0,1370.0,1370.0,0.0
2095,2095,2006.11.30,1370.0,0.0,1370.0,1370.0,1370.0,0.0
2096,2096,2006.12.01,1370.0,0.0,1370.0,1370.0,1370.0,0.0
2097,2097,2006.12.04,1370.0,0.0,1370.0,1370.0,1370.0,0.0
2098,2098,2006.12.05,6900.0,50.0,7300.0,7400.0,6870.0,1883955.0
2099,2099,2006.12.06,7930.0,1030.0,6950.0,7930.0,6910.0,2014834.0
2100,2100,2006.12.07,9110.0,1180.0,8210.0,9110.0,7860.0,5918531.0
2101,2101,2006.12.08,8530.0,580.0,9230.0,9940.0,8140.0,11569819.0
2102,2102,2006.12.11,8680.0,150.0,8700.0,9100.0,8540.0,3178713.0
2103,2103,2006.12.12,8100.0,580.0,8570.0,8650.0,8070.0,2540519.0
2104,2104,2006.12.13,8430.0,330.0,8000.0,8480.0,7990.0,2394118.0
2105,2105,2006.12.14,8420.0,10.0,8350.0,8570.0,8160.0,1761337.0
2106,2106,2006.12.15,8550.0,130.0,8600.0,9160.0,8480.0,3463408.0
2107,2107,2006.12.18,9140.0,590.0,8550.0,9140.0,8430.0,2576315.0
2108,2108,2006.12.19,9030.0,110.0,9070.0,9420.0,8890.0,2804739.0
2109,2109,2006.12.20,9110.0,80.0,9030.0,9300.0,8940.0,1647423.0
2110,2110,2006.12.21,9000.0,110.0,9400.0,9590.0,9000.0,2093634.0
2111,2111,2006.12.22,8660.0,340.0,8930.0,8990.0,8560.0,1051328.0
2112,2112,2006.12.26,8450.0,210.0,8500.0,8620.0,8240.0,886023.0
2113,2113,2006.12.27,8400.0,50.0,8400.0,8580.0,8350.0,684235.0
2114,2114,2006.12.28,8710.0,310.0,8410.0,8910.0,8400.0,673414.0
2115,2115,2007.01.02,8700.0,10.0,8850.0,8880.0,8700.0,406728.0
2116,2116,2007.01.03,8970.0,270.0,8760.0,9010.0,8680.0,863545.0
2117,2117,2007.01.04,9010.0,40.0,9130.0,9320.0,8860.0,1128845.0
2118,2118,2007.01.05,8700.0,310.0,9030.0,9050.0,8300.0,711811.0
2119,2119,2007.01.08,8300.0,400.0,8550.0,8690.0,8300.0,459823.0
2120,2120,2007.01.09,8330.0,30.0,8290.0,8430.0,8250.0,355703.0
2121,2121,2007.01.10,8200.0,130.0,8240.0,8380.0,8020.0,426958.0
2122,2122,2007.01.11,8250.0,50.0,8210.0,8410.0,8210.0,279087.0
2123,2123,2007.01.12,8810.0,560.0,8310.0,9480.0,8300.0,4680932.0
2124,2124,2007.01.15,8800.0,10.0,8920.0,9800.0,8580.0,5109822.0
2125,2125,2007.01.16,9600.0,800.0,8820.0,9600.0,8740.0,3434912.0
2126,2126,2007.01.17,9380.0,220.0,9450.0,9490.0,9100.0,1472600.0
2127,2127,2007.01.18,8920.0,460.0,9200.0,9300.0,8900.0,1260419.0
2128,2128,2007.01.19,8500.0,420.0,8730.0,8850.0,8350.0,818531.0
2129,2129,2007.01.22,8540.0,40.0,8400.0,8640.0,8330.0,616964.0
2130,2130,2007.01.23,8550.0,10.0,8210.0,8790.0,8210.0,771608.0
2131,2131,2007.01.24,8680.0,130.0,8610.0,8760.0,8520.0,415619.0
2132,2132,2007.01.25,8640.0,40.0,8800.0,8880.0,8630.0,378571.0
2133,2133,2007.01.26,8500.0,140.0,8460.0,8550.0,8380.0,358014.0
2134,2134,2007.01.29,8390.0,110.0,8520.0,8590.0,8390.0,303641.0
2135,2135,2007.01.30,8400.0,10.0,8310.0,8430.0,8250.0,307637.0
2136,2136,2007.01.31,8390.0,10.0,8370.0,8490.0,8330.0,224218.0
2137,2137,2007.02.01,8690.0,300.0,8400.0,8820.0,8380.0,516327.0
2138,2138,2007.02.02,8920.0,230.0,8800.0,9160.0,8730.0,662858.0
2139,2139,2007.02.05,8850.0,70.0,8920.0,9070.0,8810.0,411178.0
2140,2140,2007.02.06,9300.0,450.0,8890.0,9570.0,8870.0,1686753.0
2141,2141,2007.02.07,9280.0,20.0,9370.0,9370.0,9060.0,513911.0
2142,2142,2007.02.08,9100.0,180.0,9290.0,9360.0,9080.0,532462.0
2143,2143,2007.02.09,9060.0,40.0,9050.0,9270.0,9030.0,349565.0
2144,2144,2007.02.12,8900.0,160.0,9090.0,9100.0,8790.0,457684.0
2145,2145,2007.02.13,8850.0,50.0,8800.0,9060.0,8800.0,308374.0
2146,2146,2007.02.14,8850.0,0.0,8940.0,8990.0,8850.0,251765.0
2147,2147,2007.02.15,9380.0,530.0,8930.0,9380.0,8910.0,862887.0
2148,2148,2007.02.16,9200.0,180.0,9450.0,9520.0,9120.0,599737.0
2149,2149,2007.02.20,9760.0,560.0,9280.0,9760.0,9250.0,1454289.0
2150,2150,2007.02.21,10050.0,290.0,9850.0,10250.0,9680.0,1828830.0
2151,2151,2007.02.22,9910.0,140.0,9910.0,10150.0,9820.0,1042944.0
2152,2152,2007.02.23,9950.0,40.0,10100.0,10450.0,9890.0,1700117.0
2153,2153,2007.02.26,9650.0,300.0,9930.0,9930.0,9570.0,719022.0
2154,2154,2007.02.27,9770.0,120.0,9640.0,9840.0,9440.0,863555.0
2155,2155,2007.02.28,9300.0,470.0,9100.0,9420.0,9020.0,794723.0
2156,2156,2007.03.02,9300.0,0.0,9160.0,9370.0,9160.0,590953.0
2157,2157,2007.03.05,8780.0,520.0,9160.0,9270.0,8780.0,971106.0
2158,2158,2007.03.06,8870.0,90.0,8660.0,8870.0,8500.0,755858.0
2159,2159,2007.03.07,8790.0,80.0,8980.0,8980.0,8790.0,359834.0
2160,2160,2007.03.08,8800.0,10.0,8520.0,9050.0,8520.0,763776.0
2161,2161,2007.03.09,8960.0,160.0,8980.0,9090.0,8900.0,440919.0
2162,2162,2007.03.12,8820.0,140.0,9050.0,9090.0,8750.0,385499.0
2163,2163,2007.03.13,8870.0,50.0,8830.0,8930.0,8800.0,248889.0
2164,2164,2007.03.14,8700.0,170.0,8710.0,8760.0,8580.0,373181.0
2165,2165,2007.03.15,8800.0,100.0,8700.0,9030.0,8690.0,561869.0
2166,2166,2007.03.16,8910.0,110.0,8800.0,9020.0,8790.0,309200.0
2167,2167,2007.03.19,8920.0,10.0,8980.0,9020.0,8860.0,264784.0
2168,2168,2007.03.20,8700.0,220.0,8930.0,8980.0,8660.0,483301.0
2169,2169,2007.03.21,8820.0,120.0,8700.0,8840.0,8680.0,378760.0
2170,2170,2007.03.22,8710.0,110.0,8890.0,8890.0,8600.0,430510.0
2171,2171,2007.03.23,8650.0,60.0,8710.0,8750.0,8540.0,417491.0
2172,2172,2007.03.26,8500.0,150.0,8610.0,8680.0,8490.0,352543.0
2173,2173,2007.03.27,8420.0,80.0,8500.0,8540.0,8340.0,376620.0
2174,2174,2007.03.28,8250.0,170.0,8390.0,8450.0,8190.0,401217.0
2175,2175,2007.03.29,8300.0,50.0,8250.0,8330.0,8200.0,211474.0
2176,2176,2007.03.30,8210.0,90.0,8300.0,8350.0,8190.0,241231.0
2177,2177,2007.04.02,8290.0,80.0,8140.0,8390.0,8140.0,228922.0
2178,2178,2007.04.03,8250.0,40.0,8330.0,8330.0,8210.0,166907.0
2179,2179,2007.04.04,8320.0,70.0,8260.0,8450.0,8250.0,367910.0
2180,2180,2007.04.05,8300.0,20.0,8400.0,8420.0,8300.0,182371.0
2181,2181,2007.04.06,8300.0,0.0,8330.0,8430.0,8300.0,177212.0
2182,2182,2007.04.09,8200.0,100.0,8370.0,8370.0,8140.0,441208.0
2183,2183,2007.04.10,8200.0,0.0,8150.0,8310.0,8120.0,378114.0
2184,2184,2007.04.11,8130.0,70.0,8220.0,8230.0,8130.0,332458.0
2185,2185,2007.04.12,8160.0,30.0,8130.0,8260.0,8130.0,233488.0
2186,2186,2007.04.13,8100.0,60.0,8200.0,8210.0,8030.0,411091.0
2187,2187,2007.04.16,8080.0,20.0,8110.0,8130.0,7960.0,440302.0
2188,2188,2007.04.17,7120.0,960.0,8100.0,8100.0,6940.0,1506106.0
2189,2189,2007.04.18,7150.0,30.0,7100.0,7200.0,6540.0,1432200.0
2190,2190,2007.04.19,7040.0,110.0,7010.0,7170.0,6850.0,586772.0
2191,2191,2007.04.20,7140.0,100.0,6950.0,7270.0,6950.0,427607.0
2192,2192,2007.04.23,7180.0,40.0,7200.0,7400.0,7170.0,457252.0
2193,2193,2007.04.24,7250.0,70.0,7200.0,7420.0,7200.0,549164.0
2194,2194,2007.04.25,7180.0,70.0,7400.0,7400.0,7050.0,297101.0
2195,2195,2007.04.26,6960.0,220.0,7170.0,7250.0,6950.0,392841.0
2196,2196,2007.04.27,6710.0,250.0,6920.0,7000.0,6710.0,316408.0
2197,2197,2007.04.30,6700.0,10.0,6780.0,6780.0,6670.0,120444.0
2198,2198,2007.05.02,6770.0,70.0,6700.0,6840.0,6690.0,180366.0
2199,2199,2007.05.03,6410.0,360.0,6800.0,6810.0,6400.0,676460.0
2200,2200,2007.05.04,6480.0,70.0,6430.0,6530.0,6390.0,214056.0
2201,2201,2007.05.07,6580.0,100.0,6500.0,6690.0,6470.0,217017.0
2202,2202,2007.05.08,6500.0,80.0,6650.0,6650.0,6400.0,162324.0
2203,2203,2007.05.09,6490.0,10.0,6500.0,6560.0,6410.0,133416.0
2204,2204,2007.05.10,6500.0,10.0,6590.0,6590.0,6390.0,160349.0
2205,2205,2007.05.11,6430.0,70.0,6450.0,6480.0,6360.0,129642.0
2206,2206,2007.05.14,6500.0,70.0,6440.0,6620.0,6360.0,273893.0
2207,2207,2007.05.15,6610.0,110.0,6530.0,6610.0,6470.0,190289.0
2208,2208,2007.05.16,6530.0,80.0,6610.0,6610.0,6450.0,113312.0
2209,2209,2007.05.17,6540.0,10.0,6570.0,6600.0,6520.0,123602.0
2210,2210,2007.05.18,6490.0,50.0,6510.0,6580.0,6420.0,97301.0
2211,2211,2007.05.21,6450.0,40.0,6500.0,6630.0,6450.0,129485.0
2212,2212,2007.05.22,6740.0,290.0,6500.0,7100.0,6460.0,653543.0
2213,2213,2007.05.23,6700.0,40.0,6840.0,6840.0,6550.0,271781.0
2214,2214,2007.05.25,6700.0,0.0,6630.0,6770.0,6520.0,175778.0
2215,2215,2007.05.28,6720.0,20.0,6800.0,6820.0,6700.0,163006.0
2216,2216,2007.05.29,6650.0,70.0,6750.0,6770.0,6580.0,189271.0
2217,2217,2007.05.30,6600.0,50.0,6650.0,6700.0,6440.0,161302.0
2218,2218,2007.05.31,6600.0,0.0,6630.0,6640.0,6500.0,149915.0
2219,2219,2007.06.01,6600.0,0.0,6620.0,6630.0,6490.0,176895.0
2220,2220,2007.06.04,6680.0,80.0,6560.0,6820.0,6560.0,242343.0
2221,2221,2007.06.05,6710.0,30.0,6700.0,6830.0,6660.0,198531.0
2222,2222,2007.06.07,6970.0,260.0,6740.0,7050.0,6720.0,743712.0
2223,2223,2007.06.08,7350.0,380.0,7000.0,7430.0,6980.0,830179.0
2224,2224,2007.06.11,7110.0,240.0,7450.0,7450.0,7080.0,297859.0
2225,2225,2007.06.12,7130.0,20.0,7120.0,7270.0,7070.0,234496.0
2226,2226,2007.06.13,7010.0,120.0,7050.0,7090.0,6960.0,193827.0
2227,2227,2007.06.14,7100.0,90.0,7050.0,7200.0,6980.0,231017.0
2228,2228,2007.06.15,7160.0,60.0,7110.0,7210.0,7020.0,252856.0
2229,2229,2007.06.18,7400.0,240.0,7230.0,7660.0,7150.0,895453.0
2230,2230,2007.06.19,7300.0,100.0,7450.0,7490.0,7190.0,435934.0
2231,2231,2007.06.20,7200.0,100.0,7380.0,7560.0,7050.0,577653.0
2232,2232,2007.06.21,7200.0,0.0,7170.0,7440.0,7080.0,429898.0
2233,2233,2007.06.22,7200.0,0.0,7230.0,7350.0,7180.0,221688.0
2234,2234,2007.06.25,7090.0,110.0,7220.0,7300.0,7070.0,208612.0
2235,2235,2007.06.26,7000.0,90.0,7140.0,7140.0,6750.0,235452.0
2236,2236,2007.06.27,6680.0,320.0,7000.0,7000.0,6680.0,188374.0
2237,2237,2007.06.28,6700.0,20.0,6700.0,6780.0,6650.0,134299.0
2238,2238,2007.06.29,6700.0,0.0,6710.0,6800.0,6610.0,157512.0
2239,2239,2007.07.02,6700.0,0.0,6620.0,6730.0,6620.0,122705.0
2240,2240,2007.07.03,6790.0,90.0,6780.0,6850.0,6720.0,144804.0
2241,2241,2007.07.04,6790.0,0.0,6820.0,6890.0,6730.0,180452.0
2242,2242,2007.07.05,6800.0,10.0,6850.0,6850.0,6690.0,145351.0
2243,2243,2007.07.06,6700.0,100.0,6750.0,6790.0,6600.0,233819.0
2244,2244,2007.07.09,6700.0,0.0,6750.0,6770.0,6620.0,159216.0
2245,2245,2007.07.10,6700.0,0.0,6750.0,6760.0,6650.0,152858.0
2246,2246,2007.07.11,7200.0,500.0,6700.0,7230.0,6600.0,508785.0
2247,2247,2007.07.12,7050.0,150.0,7200.0,7220.0,7020.0,178862.0
2248,2248,2007.07.13,7000.0,50.0,7160.0,7200.0,6900.0,181026.0
2249,2249,2007.07.16,7000.0,0.0,7000.0,7070.0,6840.0,147236.0
2250,2250,2007.07.18,7000.0,0.0,6990.0,7070.0,6900.0,200485.0
2251,2251,2007.07.19,7020.0,20.0,7000.0,7080.0,6970.0,153954.0
2252,2252,2007.07.20,7000.0,20.0,7050.0,7070.0,6950.0,204194.0
2253,2253,2007.07.23,6810.0,190.0,7000.0,7000.0,6810.0,192151.0
2254,2254,2007.07.24,6800.0,10.0,6800.0,6850.0,6600.0,210880.0
2255,2255,2007.07.25,6730.0,70.0,6780.0,6800.0,6650.0,115366.0
2256,2256,2007.07.26,6700.0,30.0,6770.0,6800.0,6680.0,167437.0
2257,2257,2007.07.27,6560.0,140.0,6650.0,6680.0,6440.0,202433.0
2258,2258,2007.07.30,6550.0,10.0,6500.0,6600.0,6450.0,80079.0
2259,2259,2007.07.31,6550.0,0.0,6550.0,6670.0,6530.0,94540.0
2260,2260,2007.08.01,6700.0,150.0,6660.0,7150.0,6620.0,706580.0
2261,2261,2007.08.02,6700.0,0.0,6820.0,6920.0,6570.0,245028.0
2262,2262,2007.08.03,6900.0,200.0,6790.0,7040.0,6640.0,709469.0
2263,2263,2007.08.06,6900.0,0.0,6750.0,7090.0,6750.0,186995.0
2264,2264,2007.08.07,6900.0,0.0,7030.0,7050.0,6850.0,196782.0
2265,2265,2007.08.08,6870.0,30.0,6940.0,7010.0,6810.0,126307.0
2266,2266,2007.08.09,6770.0,100.0,6900.0,6900.0,6700.0,193553.0
2267,2267,2007.08.10,6600.0,170.0,6740.0,6740.0,6500.0,210821.0
2268,2268,2007.08.13,6580.0,20.0,6530.0,6630.0,6480.0,127747.0
2269,2269,2007.08.14,6570.0,10.0,6620.0,6620.0,6500.0,124784.0
2270,2270,2007.08.16,5780.0,790.0,6400.0,6430.0,5690.0,168931.0
2271,2271,2007.08.17,5490.0,290.0,5710.0,5800.0,5400.0,199009.0
2272,2272,2007.08.20,5690.0,200.0,5550.0,5850.0,5550.0,193937.0
2273,2273,2007.08.21,5690.0,0.0,5710.0,5760.0,5620.0,133883.0
2274,2274,2007.08.22,5800.0,110.0,5730.0,5950.0,5720.0,131956.0
2275,2275,2007.08.23,5840.0,40.0,5870.0,5960.0,5760.0,187663.0
2276,2276,2007.08.24,5740.0,100.0,5820.0,5870.0,5710.0,92560.0
2277,2277,2007.08.27,6000.0,260.0,5900.0,6200.0,5800.0,336493.0
2278,2278,2007.08.28,6000.0,0.0,5930.0,6030.0,5900.0,114399.0
2279,2279,2007.08.29,5850.0,150.0,5900.0,5900.0,5740.0,150266.0
2280,2280,2007.08.30,5890.0,40.0,5950.0,5950.0,5840.0,73931.0
2281,2281,2007.08.31,5860.0,30.0,5890.0,5920.0,5810.0,75917.0
2282,2282,2007.09.03,5900.0,40.0,5930.0,5990.0,5840.0,120918.0
2283,2283,2007.09.04,5810.0,90.0,5930.0,5930.0,5750.0,73018.0
2284,2284,2007.09.05,5800.0,10.0,5840.0,5900.0,5750.0,109471.0
2285,2285,2007.09.06,5780.0,20.0,5710.0,5810.0,5660.0,110280.0
2286,2286,2007.09.07,5830.0,50.0,5800.0,5830.0,5710.0,117768.0
2287,2287,2007.09.10,5640.0,190.0,5750.0,5750.0,5530.0,93103.0
2288,2288,2007.09.11,5650.0,10.0,5650.0,5690.0,5510.0,52164.0
2289,2289,2007.09.12,5700.0,50.0,5720.0,5850.0,5630.0,91322.0
2290,2290,2007.09.13,5680.0,20.0,5720.0,5720.0,5550.0,120200.0
2291,2291,2007.09.14,6090.0,410.0,5830.0,6230.0,5830.0,348385.0
2292,2292,2007.09.17,6080.0,10.0,6080.0,6330.0,6000.0,183586.0
2293,2293,2007.09.18,5950.0,130.0,6150.0,6150.0,5900.0,122106.0
2294,2294,2007.09.19,5990.0,40.0,6070.0,6090.0,5920.0,134286.0
2295,2295,2007.09.20,6030.0,40.0,5940.0,6230.0,5930.0,189683.0
2296,2296,2007.09.21,6060.0,30.0,6070.0,6160.0,6000.0,102188.0
2297,2297,2007.09.27,6300.0,240.0,6100.0,6300.0,6060.0,196100.0
2298,2298,2007.09.28,6320.0,20.0,6200.0,6330.0,6180.0,135004.0
2299,2299,2007.10.01,6460.0,140.0,6320.0,6500.0,6280.0,142118.0
2300,2300,2007.10.02,6450.0,10.0,6460.0,6510.0,6310.0,90769.0
2301,2301,2007.10.04,6400.0,50.0,6460.0,6460.0,6280.0,78483.0
2302,2302,2007.10.05,6230.0,170.0,6320.0,6400.0,6180.0,80177.0
2303,2303,2007.10.08,6220.0,10.0,6180.0,6490.0,6140.0,108568.0
2304,2304,2007.10.09,6250.0,30.0,6350.0,6440.0,6200.0,203883.0
2305,2305,2007.10.10,6240.0,10.0,6350.0,6350.0,6120.0,72652.0
2306,2306,2007.10.11,6250.0,10.0,6190.0,6300.0,6180.0,121902.0
2307,2307,2007.10.12,6300.0,50.0,6200.0,6370.0,6200.0,127784.0
2308,2308,2007.10.15,6420.0,120.0,6300.0,6470.0,6280.0,169505.0
2309,2309,2007.10.16,6190.0,230.0,6350.0,6440.0,6150.0,178269.0
2310,2310,2007.10.17,6170.0,20.0,6210.0,6300.0,6000.0,98640.0
2311,2311,2007.10.18,6200.0,30.0,6170.0,6290.0,6090.0,50109.0
2312,2312,2007.10.19,6010.0,190.0,6150.0,6160.0,5920.0,80369.0
2313,2313,2007.10.22,5800.0,210.0,5630.0,5830.0,5600.0,85386.0
2314,2314,2007.10.23,5850.0,50.0,5900.0,5900.0,5700.0,63382.0
2315,2315,2007.10.24,5800.0,50.0,5900.0,6190.0,5700.0,65750.0
2316,2316,2007.10.25,5850.0,50.0,5720.0,5920.0,5680.0,77036.0
2317,2317,2007.10.26,5800.0,50.0,5800.0,5850.0,5610.0,74465.0
2318,2318,2007.10.29,5800.0,0.0,5790.0,5890.0,5700.0,52091.0
2319,2319,2007.10.30,5970.0,170.0,5820.0,5970.0,5700.0,121966.0
2320,2320,2007.10.31,6200.0,230.0,5940.0,6500.0,5940.0,830862.0
2321,2321,2007.11.01,6050.0,150.0,6290.0,6370.0,6010.0,162494.0
2322,2322,2007.11.02,5870.0,180.0,5970.0,5970.0,5780.0,127610.0
2323,2323,2007.11.05,5880.0,10.0,5820.0,5920.0,5730.0,105835.0
2324,2324,2007.11.06,6010.0,130.0,5890.0,6070.0,5880.0,86026.0
2325,2325,2007.11.07,6010.0,0.0,6140.0,6320.0,5990.0,122917.0
2326,2326,2007.11.08,6020.0,10.0,5910.0,6220.0,5890.0,119731.0
2327,2327,2007.11.09,6090.0,70.0,6020.0,6240.0,6020.0,124562.0
2328,2328,2007.11.12,6080.0,10.0,6050.0,6140.0,6010.0,85625.0
2329,2329,2007.11.13,6180.0,100.0,6150.0,6360.0,6110.0,201439.0
2330,2330,2007.11.14,6290.0,110.0,6290.0,6400.0,6220.0,127652.0
2331,2331,2007.11.15,6220.0,70.0,6300.0,6300.0,6140.0,106698.0
2332,2332,2007.11.16,6100.0,120.0,6200.0,6260.0,6000.0,104211.0
2333,2333,2007.11.19,6110.0,10.0,6050.0,6190.0,6050.0,66692.0
2334,2334,2007.11.20,6050.0,60.0,6080.0,6080.0,5860.0,96053.0
2335,2335,2007.11.21,5990.0,60.0,6050.0,6150.0,5850.0,81706.0
2336,2336,2007.11.22,5900.0,90.0,5940.0,6000.0,5780.0,92694.0
2337,2337,2007.11.23,5670.0,230.0,5910.0,5930.0,5550.0,134770.0
2338,2338,2007.11.26,5650.0,20.0,5610.0,5740.0,5580.0,92076.0
2339,2339,2007.11.27,5600.0,50.0,5520.0,5610.0,5290.0,124596.0
2340,2340,2007.11.28,5810.0,210.0,5600.0,5880.0,5570.0,144084.0
2341,2341,2007.11.29,5730.0,80.0,5820.0,5900.0,5660.0,63552.0
2342,2342,2007.11.30,5750.0,20.0,5730.0,5800.0,5650.0,57808.0
2343,2343,2007.12.03,5750.0,0.0,5860.0,5920.0,5650.0,50175.0
2344,2344,2007.12.04,5610.0,140.0,5790.0,5790.0,5600.0,55173.0
2345,2345,2007.12.05,5240.0,370.0,5610.0,5640.0,5190.0,576682.0
2346,2346,2007.12.06,5750.0,510.0,5340.0,5750.0,5260.0,450216.0
2347,2347,2007.12.07,5760.0,10.0,5610.0,5830.0,5590.0,216182.0
2348,2348,2007.12.10,5740.0,20.0,5870.0,5870.0,5610.0,106889.0
2349,2349,2007.12.11,5700.0,40.0,5760.0,5760.0,5500.0,105570.0
2350,2350,2007.12.12,5650.0,50.0,5550.0,5650.0,5500.0,52930.0
2351,2351,2007.12.13,5630.0,20.0,5680.0,5710.0,5570.0,47068.0
2352,2352,2007.12.14,5650.0,20.0,5630.0,5710.0,5530.0,52748.0
2353,2353,2007.12.17,5480.0,170.0,5550.0,5640.0,5400.0,44226.0
2354,2354,2007.12.18,5600.0,120.0,5360.0,5600.0,5360.0,98886.0
2355,2355,2007.12.20,5310.0,290.0,5450.0,5650.0,5310.0,218573.0
2356,2356,2007.12.21,5260.0,50.0,5450.0,5480.0,5250.0,174980.0
2357,2357,2007.12.24,5220.0,40.0,5280.0,5360.0,5190.0,154624.0
2358,2358,2007.12.26,5220.0,0.0,5190.0,5400.0,5190.0,209774.0
2359,2359,2007.12.27,5250.0,30.0,5180.0,5260.0,5180.0,68116.0
2360,2360,2007.12.28,5250.0,0.0,5220.0,5260.0,5200.0,74704.0
2361,2361,2008.01.02,5240.0,10.0,5280.0,5300.0,5240.0,82807.0
2362,2362,2008.01.03,5240.0,0.0,5160.0,5280.0,5150.0,81255.0
2363,2363,2008.01.04,5330.0,90.0,5260.0,5370.0,5250.0,86119.0
2364,2364,2008.01.07,5280.0,50.0,5230.0,5350.0,5200.0,75926.0
2365,2365,2008.01.08,5290.0,10.0,5290.0,5330.0,5240.0,65788.0
2366,2366,2008.01.09,5290.0,0.0,5310.0,5400.0,5200.0,101672.0
2367,2367,2008.01.10,5250.0,40.0,5250.0,5300.0,5210.0,75790.0
2368,2368,2008.01.11,5300.0,50.0,5300.0,5700.0,5230.0,590053.0
2369,2369,2008.01.14,5450.0,150.0,5400.0,5530.0,5320.0,251590.0
2370,2370,2008.01.15,5450.0,0.0,5460.0,5580.0,5300.0,147984.0
2371,2371,2008.01.16,5550.0,100.0,5400.0,5630.0,5360.0,226668.0
2372,2372,2008.01.17,5330.0,220.0,5620.0,5740.0,5280.0,692565.0
2373,2373,2008.01.18,5390.0,60.0,5450.0,5490.0,5250.0,182296.0
2374,2374,2008.01.21,5230.0,160.0,5330.0,5390.0,5160.0,100215.0
2375,2375,2008.01.22,4995.0,235.0,5110.0,5190.0,4860.0,130441.0
2376,2376,2008.01.23,5200.0,205.0,4995.0,5350.0,4995.0,200153.0
2377,2377,2008.01.24,5490.0,290.0,5300.0,5530.0,5300.0,233981.0
2378,2378,2008.01.25,5450.0,40.0,5560.0,5580.0,5360.0,67454.0
2379,2379,2008.01.28,5400.0,50.0,5450.0,5520.0,5300.0,110472.0
2380,2380,2008.01.29,5450.0,50.0,5490.0,5530.0,5340.0,102757.0
2381,2381,2008.01.30,5330.0,120.0,5500.0,5500.0,5260.0,79747.0
2382,2382,2008.01.31,5350.0,20.0,5260.0,5400.0,5220.0,41707.0
2383,2383,2008.02.01,5580.0,230.0,5440.0,5610.0,5350.0,157771.0
2384,2384,2008.02.04,5700.0,120.0,5670.0,5730.0,5560.0,131046.0
2385,2385,2008.02.05,5670.0,30.0,5670.0,5690.0,5590.0,64555.0
2386,2386,2008.02.11,5700.0,30.0,5550.0,5800.0,5520.0,65150.0
2387,2387,2008.02.12,5710.0,10.0,5750.0,5860.0,5680.0,76122.0
2388,2388,2008.02.13,5700.0,10.0,5800.0,5800.0,5620.0,35812.0
2389,2389,2008.02.14,5610.0,90.0,5680.0,5780.0,5610.0,46451.0
2390,2390,2008.02.15,5600.0,10.0,5550.0,5670.0,5480.0,44260.0
2391,2391,2008.02.18,5580.0,20.0,5560.0,5680.0,5530.0,49536.0
2392,2392,2008.02.19,5610.0,30.0,5590.0,5680.0,5560.0,62599.0
2393,2393,2008.02.20,5650.0,40.0,5650.0,5720.0,5540.0,59299.0
2394,2394,2008.02.21,5640.0,10.0,5700.0,5700.0,5550.0,26546.0
2395,2395,2008.02.22,5640.0,0.0,5570.0,5640.0,5520.0,42297.0
2396,2396,2008.02.25,5610.0,30.0,5680.0,5890.0,5610.0,121323.0
2397,2397,2008.02.26,5560.0,50.0,5680.0,5680.0,5530.0,55380.0
2398,2398,2008.02.27,5510.0,50.0,5570.0,5650.0,5510.0,43857.0
2399,2399,2008.02.28,5510.0,0.0,5450.0,5550.0,5430.0,68435.0
2400,2400,2008.02.29,5450.0,60.0,5500.0,5520.0,5370.0,50374.0
2401,2401,2008.03.03,5750.0,300.0,5440.0,5840.0,5400.0,273144.0
2402,2402,2008.03.04,5730.0,20.0,5820.0,5820.0,5630.0,97110.0
2403,2403,2008.03.05,5630.0,100.0,5670.0,5760.0,5550.0,87587.0
2404,2404,2008.03.06,5600.0,30.0,5670.0,5700.0,5570.0,35060.0
2405,2405,2008.03.07,5370.0,230.0,5530.0,5590.0,5330.0,94626.0
2406,2406,2008.03.10,5370.0,0.0,5260.0,5490.0,5260.0,52196.0
2407,2407,2008.03.11,5440.0,70.0,5310.0,5520.0,5300.0,46329.0
2408,2408,2008.03.12,5400.0,40.0,5520.0,5540.0,5400.0,51808.0
2409,2409,2008.03.13,5350.0,50.0,5400.0,5440.0,5300.0,57093.0
2410,2410,2008.03.14,5380.0,30.0,5350.0,5420.0,5290.0,52651.0
2411,2411,2008.03.17,5230.0,150.0,5300.0,5360.0,5100.0,60403.0
2412,2412,2008.03.18,5200.0,30.0,5200.0,5220.0,5080.0,53799.0
2413,2413,2008.03.19,5170.0,30.0,5220.0,5250.0,5170.0,58192.0
2414,2414,2008.03.20,5190.0,20.0,5160.0,5250.0,5160.0,24630.0
2415,2415,2008.03.21,5300.0,110.0,5280.0,5300.0,5210.0,45845.0
2416,2416,2008.03.24,5390.0,90.0,5300.0,5430.0,5300.0,53038.0
2417,2417,2008.03.25,5340.0,50.0,5420.0,5460.0,5280.0,101947.0
2418,2418,2008.03.26,5300.0,40.0,5340.0,5380.0,5260.0,38161.0
2419,2419,2008.03.27,5230.0,70.0,5260.0,5260.0,5130.0,62307.0
2420,2420,2008.03.28,5210.0,20.0,5200.0,5280.0,5150.0,33083.0
2421,2421,2008.03.31,5250.0,40.0,5180.0,5290.0,5180.0,44238.0
2422,2422,2008.04.01,5250.0,0.0,5210.0,5400.0,5150.0,91817.0
2423,2423,2008.04.02,5280.0,30.0,5300.0,5350.0,5190.0,73347.0
2424,2424,2008.04.03,5200.0,80.0,5250.0,5280.0,5170.0,45147.0
2425,2425,2008.04.04,5210.0,10.0,5220.0,5270.0,5170.0,54930.0
2426,2426,2008.04.07,5130.0,80.0,5220.0,5220.0,5100.0,72236.0
2427,2427,2008.04.08,5110.0,20.0,5130.0,5130.0,5000.0,113581.0
2428,2428,2008.04.10,5210.0,100.0,5110.0,5230.0,5080.0,88723.0
2429,2429,2008.04.11,5210.0,0.0,5200.0,5250.0,5150.0,50952.0
2430,2430,2008.04.14,5290.0,80.0,5160.0,5300.0,5150.0,79388.0
2431,2431,2008.04.15,5270.0,20.0,5250.0,5320.0,5250.0,54028.0
2432,2432,2008.04.16,5330.0,60.0,5240.0,5330.0,5120.0,69874.0
2433,2433,2008.04.17,5330.0,0.0,5330.0,5360.0,5270.0,35495.0
2434,2434,2008.04.18,5330.0,0.0,5280.0,5340.0,5200.0,55714.0
2435,2435,2008.04.21,5300.0,30.0,5350.0,5400.0,5230.0,51806.0
2436,2436,2008.04.22,5300.0,0.0,5240.0,5300.0,5220.0,77505.0
2437,2437,2008.04.23,5250.0,50.0,5300.0,5320.0,5200.0,46168.0
2438,2438,2008.04.24,5150.0,100.0,5220.0,5260.0,5150.0,58196.0
2439,2439,2008.04.25,5170.0,20.0,5220.0,5230.0,5100.0,51570.0
2440,2440,2008.04.28,5080.0,90.0,5160.0,5200.0,5060.0,65567.0
2441,2441,2008.04.29,5050.0,30.0,5060.0,5140.0,5040.0,74572.0
2442,2442,2008.04.30,5060.0,10.0,5050.0,5110.0,5050.0,61431.0
2443,2443,2008.05.02,5130.0,70.0,5160.0,5230.0,5120.0,86525.0
2444,2444,2008.05.06,5150.0,20.0,5140.0,5200.0,5120.0,62875.0
2445,2445,2008.05.07,5230.0,80.0,5150.0,5230.0,5150.0,81425.0
2446,2446,2008.05.08,5220.0,10.0,5150.0,5230.0,5140.0,75607.0
2447,2447,2008.05.09,5270.0,50.0,5200.0,5270.0,5150.0,88883.0
2448,2448,2008.05.13,5260.0,10.0,5270.0,5320.0,5240.0,57483.0
2449,2449,2008.05.14,5390.0,130.0,5260.0,5560.0,5260.0,224499.0
2450,2450,2008.05.15,5440.0,50.0,5430.0,5490.0,5340.0,49649.0
2451,2451,2008.05.16,5490.0,50.0,5510.0,5540.0,5380.0,195824.0
2452,2452,2008.05.19,5450.0,40.0,5470.0,5500.0,5360.0,52577.0
2453,2453,2008.05.20,5400.0,50.0,5420.0,5490.0,5270.0,183073.0
2454,2454,2008.05.21,5270.0,130.0,5300.0,5400.0,5250.0,55401.0
2455,2455,2008.05.22,5300.0,30.0,5210.0,5400.0,5160.0,64928.0
2456,2456,2008.05.23,5340.0,40.0,5270.0,5380.0,5210.0,69609.0
2457,2457,2008.05.26,5300.0,40.0,5300.0,5350.0,5200.0,70393.0
2458,2458,2008.05.27,5200.0,100.0,5300.0,5350.0,5160.0,66826.0
2459,2459,2008.05.28,5200.0,0.0,5230.0,5240.0,5150.0,28097.0
2460,2460,2008.05.29,5200.0,0.0,5170.0,5250.0,5170.0,40307.0
2461,2461,2008.05.30,5400.0,200.0,5200.0,5450.0,5200.0,173210.0
2462,2462,2008.06.02,5330.0,70.0,5380.0,5380.0,5240.0,88107.0
2463,2463,2008.06.03,5250.0,80.0,5250.0,5290.0,5200.0,51596.0
2464,2464,2008.06.04,5270.0,20.0,5250.0,5280.0,5220.0,37015.0
2465,2465,2008.06.05,5300.0,30.0,5290.0,5330.0,5220.0,34437.0
2466,2466,2008.06.09,5200.0,100.0,5230.0,5250.0,5180.0,34195.0
2467,2467,2008.06.10,5100.0,100.0,5200.0,5230.0,4995.0,176608.0
2468,2468,2008.06.11,5090.0,10.0,5050.0,5130.0,5010.0,43174.0
2469,2469,2008.06.12,5050.0,40.0,5070.0,5070.0,4950.0,42029.0
2470,2470,2008.06.13,5050.0,0.0,5070.0,5080.0,4970.0,32081.0
2471,2471,2008.06.16,5050.0,0.0,5060.0,5100.0,5010.0,66339.0
2472,2472,2008.06.17,5030.0,20.0,5050.0,5050.0,4950.0,55294.0
2473,2473,2008.06.18,4990.0,40.0,4960.0,5040.0,4960.0,45947.0
2474,2474,2008.06.19,5000.0,10.0,4955.0,5030.0,4955.0,56716.0
2475,2475,2008.06.20,5030.0,30.0,5010.0,5050.0,4965.0,41622.0
2476,2476,2008.06.23,5030.0,0.0,4955.0,5080.0,4955.0,24471.0
2477,2477,2008.06.24,5000.0,30.0,4965.0,5010.0,4950.0,46039.0
2478,2478,2008.06.25,4990.0,10.0,4910.0,5040.0,4910.0,16894.0
2479,2479,2008.06.26,4990.0,0.0,4955.0,5030.0,4950.0,28586.0
2480,2480,2008.06.27,4920.0,70.0,4950.0,4950.0,4890.0,53170.0
2481,2481,2008.06.30,4850.0,70.0,4920.0,4920.0,4840.0,35416.0
2482,2482,2008.07.01,4710.0,140.0,4840.0,4880.0,4670.0,61021.0
2483,2483,2008.07.02,4485.0,225.0,4670.0,4750.0,4485.0,104565.0
2484,2484,2008.07.03,4475.0,10.0,4400.0,4485.0,4260.0,55662.0
2485,2485,2008.07.04,4480.0,5.0,4455.0,4530.0,4430.0,17132.0
2486,2486,2008.07.07,4370.0,110.0,4450.0,4480.0,4370.0,30746.0
2487,2487,2008.07.08,4040.0,330.0,4205.0,4275.0,3900.0,177895.0
2488,2488,2008.07.09,4000.0,40.0,4005.0,4150.0,3950.0,124542.0
2489,2489,2008.07.10,4000.0,0.0,3900.0,4000.0,3900.0,30071.0
2490,2490,2008.07.11,4045.0,45.0,4040.0,4090.0,3970.0,79700.0
2491,2491,2008.07.14,4050.0,5.0,4020.0,4085.0,4000.0,24736.0
2492,2492,2008.07.15,3900.0,150.0,4050.0,4050.0,3900.0,33957.0
2493,2493,2008.07.16,3935.0,35.0,3905.0,4000.0,3870.0,30195.0
2494,2494,2008.07.17,3995.0,60.0,3955.0,4035.0,3935.0,23484.0
2495,2495,2008.07.18,4000.0,5.0,4005.0,4060.0,3965.0,25465.0
2496,2496,2008.07.21,4005.0,5.0,4000.0,4100.0,3900.0,30795.0
2497,2497,2008.07.22,4020.0,15.0,4000.0,4055.0,3980.0,20357.0
2498,2498,2008.07.23,4110.0,90.0,4045.0,4135.0,4020.0,75024.0
2499,2499,2008.07.24,4140.0,30.0,4060.0,4150.0,4050.0,45625.0
2500,2500,2008.07.25,4060.0,80.0,4100.0,4100.0,4040.0,36598.0
2501,2501,2008.07.28,4090.0,30.0,4160.0,4160.0,4075.0,24177.0
2502,2502,2008.07.29,4035.0,55.0,4055.0,4090.0,3960.0,40955.0
2503,2503,2008.07.30,4035.0,0.0,4050.0,4075.0,4025.0,17779.0
2504,2504,2008.07.31,4050.0,15.0,4020.0,4070.0,4020.0,29559.0
2505,2505,2008.08.01,4000.0,50.0,4015.0,4065.0,3985.0,24040.0
2506,2506,2008.08.04,4000.0,0.0,4010.0,4030.0,3970.0,16932.0
2507,2507,2008.08.05,3995.0,5.0,3945.0,4070.0,3945.0,30970.0
2508,2508,2008.08.06,4115.0,120.0,4080.0,4115.0,3955.0,36350.0
2509,2509,2008.08.07,4240.0,125.0,4185.0,4460.0,4150.0,195121.0
2510,2510,2008.08.08,4240.0,0.0,4200.0,4250.0,4170.0,59249.0
2511,2511,2008.08.11,4240.0,0.0,4300.0,4330.0,4175.0,33311.0
2512,2512,2008.08.12,4180.0,60.0,4200.0,4255.0,4165.0,53909.0
2513,2513,2008.08.13,4130.0,50.0,4230.0,4235.0,4105.0,40694.0
2514,2514,2008.08.14,4130.0,0.0,4100.0,4165.0,4085.0,20615.0
2515,2515,2008.08.18,4040.0,90.0,4140.0,4190.0,4010.0,50922.0
2516,2516,2008.08.19,3950.0,90.0,3905.0,3980.0,3900.0,62166.0
2517,2517,2008.08.20,3980.0,30.0,3950.0,4005.0,3900.0,22937.0
2518,2518,2008.08.21,3840.0,140.0,3920.0,4035.0,3840.0,74038.0
2519,2519,2008.08.22,3700.0,140.0,3850.0,3850.0,3645.0,70701.0
2520,2520,2008.08.25,3670.0,30.0,3700.0,3750.0,3640.0,77607.0
2521,2521,2008.08.26,3455.0,215.0,3470.0,3580.0,3455.0,121167.0
2522,2522,2008.08.27,3430.0,25.0,3420.0,3515.0,3370.0,80795.0
2523,2523,2008.08.28,3430.0,0.0,3400.0,3500.0,3375.0,70465.0
2524,2524,2008.08.29,3440.0,10.0,3450.0,3485.0,3410.0,56022.0
2525,2525,2008.09.01,3050.0,390.0,3335.0,3375.0,2990.0,120279.0
2526,2526,2008.09.02,2750.0,300.0,2900.0,3015.0,2705.0,234290.0
2527,2527,2008.09.03,2750.0,0.0,2620.0,2845.0,2590.0,258758.0
2528,2528,2008.09.04,2850.0,100.0,2725.0,2875.0,2720.0,136215.0
2529,2529,2008.09.05,2940.0,90.0,2780.0,2990.0,2775.0,63502.0
2530,2530,2008.09.08,3085.0,145.0,2940.0,3095.0,2940.0,118064.0
2531,2531,2008.09.09,3085.0,0.0,3090.0,3140.0,3040.0,88686.0
2532,2532,2008.09.10,3150.0,65.0,3090.0,3170.0,3055.0,49585.0
2533,2533,2008.09.11,3150.0,0.0,3190.0,3190.0,3125.0,69718.0
2534,2534,2008.09.12,3250.0,100.0,3190.0,3330.0,3165.0,101492.0
2535,2535,2008.09.16,2900.0,350.0,2890.0,2990.0,2880.0,79273.0
2536,2536,2008.09.17,3050.0,150.0,2985.0,3120.0,2975.0,39767.0
2537,2537,2008.09.18,2805.0,245.0,2780.0,2885.0,2760.0,168978.0
2538,2538,2008.09.19,2870.0,65.0,2870.0,2950.0,2805.0,129681.0
2539,2539,2008.09.22,2870.0,0.0,2870.0,2900.0,2830.0,68221.0
2540,2540,2008.09.23,2920.0,50.0,2870.0,2925.0,2800.0,39258.0
2541,2541,2008.09.24,3020.0,100.0,2915.0,3050.0,2875.0,54213.0
2542,2542,2008.09.25,3030.0,10.0,3000.0,3030.0,2970.0,25906.0
2543,2543,2008.09.26,3000.0,30.0,3030.0,3050.0,2950.0,48312.0
2544,2544,2008.09.29,2995.0,5.0,3005.0,3050.0,2965.0,27175.0
2545,2545,2008.09.30,2950.0,45.0,2845.0,2950.0,2700.0,44087.0
2546,2546,2008.10.01,2950.0,0.0,2950.0,2990.0,2885.0,30195.0
2547,2547,2008.10.02,2870.0,80.0,2950.0,3000.0,2830.0,48000.0
2548,2548,2008.10.06,2750.0,120.0,2830.0,2830.0,2725.0,71961.0
2549,2549,2008.10.07,2740.0,10.0,2700.0,2800.0,2620.0,80564.0
2550,2550,2008.10.08,2640.0,100.0,2600.0,2690.0,2595.0,76398.0
2551,2551,2008.10.09,2600.0,40.0,2590.0,2630.0,2500.0,76415.0
2552,2552,2008.10.10,2300.0,300.0,2410.0,2450.0,2210.0,161661.0
2553,2553,2008.10.13,2415.0,115.0,2300.0,2440.0,2300.0,138393.0
2554,2554,2008.10.14,2700.0,285.0,2600.0,2700.0,2550.0,125250.0
2555,2555,2008.10.15,2670.0,30.0,2640.0,2700.0,2635.0,42741.0
2556,2556,2008.10.16,2400.0,270.0,2470.0,2545.0,2340.0,133863.0
2557,2557,2008.10.17,2435.0,35.0,2465.0,2520.0,2360.0,56259.0
2558,2558,2008.10.20,2450.0,15.0,2435.0,2570.0,2385.0,50453.0
2559,2559,2008.10.21,2690.0,240.0,2585.0,2690.0,2550.0,101457.0
2560,2560,2008.10.22,2660.0,30.0,2700.0,2710.0,2460.0,54610.0
2561,2561,2008.10.23,2480.0,180.0,2465.0,2500.0,2330.0,53398.0
2562,2562,2008.10.24,2110.0,370.0,2340.0,2470.0,2110.0,117993.0
2563,2563,2008.10.27,1795.0,315.0,1960.0,2100.0,1795.0,162882.0
2564,2564,2008.10.28,1800.0,5.0,1535.0,1870.0,1530.0,416845.0
2565,2565,2008.10.29,1770.0,30.0,1870.0,1990.0,1550.0,238513.0
2566,2566,2008.10.30,2035.0,265.0,1850.0,2035.0,1815.0,339441.0
2567,2567,2008.10.31,2075.0,40.0,2010.0,2090.0,1970.0,138448.0
2568,2568,2008.11.03,2220.0,145.0,2075.0,2225.0,2030.0,129354.0
2569,2569,2008.11.04,2295.0,75.0,2225.0,2330.0,2150.0,68492.0
2570,2570,2008.11.05,2360.0,65.0,2370.0,2430.0,2255.0,157573.0
2571,2571,2008.11.06,2100.0,260.0,2280.0,2280.0,2060.0,82717.0
2572,2572,2008.11.07,2230.0,130.0,2020.0,2235.0,1975.0,114461.0
2573,2573,2008.11.10,2290.0,60.0,2230.0,2355.0,2215.0,79589.0
2574,2574,2008.11.11,2185.0,105.0,2270.0,2280.0,2155.0,46619.0
2575,2575,2008.11.12,2190.0,5.0,2150.0,2240.0,2115.0,32371.0
2576,2576,2008.11.13,2095.0,95.0,2135.0,2135.0,1980.0,83467.0
2577,2577,2008.11.14,2165.0,70.0,2250.0,2250.0,2100.0,26769.0
2578,2578,2008.11.17,2150.0,15.0,2120.0,2195.0,2020.0,54106.0
2579,2579,2008.11.18,2135.0,15.0,2100.0,2150.0,2040.0,41097.0
2580,2580,2008.11.19,2100.0,35.0,2100.0,2175.0,1985.0,67377.0
2581,2581,2008.11.20,1910.0,190.0,2000.0,2000.0,1910.0,62643.0
2582,2582,2008.11.21,2020.0,110.0,1805.0,2020.0,1805.0,67786.0
2583,2583,2008.11.24,2020.0,0.0,2025.0,2045.0,1975.0,23822.0
2584,2584,2008.11.25,2000.0,20.0,2095.0,2095.0,1960.0,76124.0
2585,2585,2008.11.26,2040.0,40.0,1960.0,2040.0,1960.0,51535.0
2586,2586,2008.11.27,2105.0,65.0,2050.0,2115.0,2020.0,54767.0
2587,2587,2008.11.28,2110.0,5.0,2160.0,2160.0,2050.0,72168.0
2588,2588,2008.12.01,2125.0,15.0,2110.0,2220.0,2070.0,98451.0
2589,2589,2008.12.02,2020.0,105.0,2020.0,2095.0,1995.0,99510.0
2590,2590,2008.12.03,2055.0,35.0,2050.0,2095.0,2030.0,55206.0
2591,2591,2008.12.04,2050.0,5.0,2065.0,2095.0,2015.0,73381.0
2592,2592,2008.12.05,2050.0,0.0,2050.0,2070.0,2015.0,51189.0
2593,2593,2008.12.08,2145.0,95.0,2070.0,2170.0,2065.0,141411.0
2594,2594,2008.12.09,2150.0,5.0,2190.0,2215.0,2135.0,65848.0
2595,2595,2008.12.10,2200.0,50.0,2160.0,2220.0,2135.0,70047.0
2596,2596,2008.12.11,2200.0,0.0,2220.0,2230.0,2165.0,95266.0
2597,2597,2008.12.12,2145.0,55.0,2180.0,2225.0,2125.0,97467.0
2598,2598,2008.12.15,2230.0,85.0,2135.0,2270.0,2135.0,186599.0
2599,2599,2008.12.16,2295.0,65.0,2200.0,2315.0,2200.0,143509.0
2600,2600,2008.12.17,2300.0,5.0,2350.0,2385.0,2275.0,131048.0
2601,2601,2008.12.18,2310.0,10.0,2275.0,2355.0,2260.0,78135.0
2602,2602,2008.12.19,2320.0,10.0,2310.0,2350.0,2285.0,85707.0
2603,2603,2008.12.22,2500.0,180.0,2350.0,2600.0,2320.0,402667.0
2604,2604,2008.12.23,2520.0,20.0,2510.0,2605.0,2440.0,166324.0
2605,2605,2008.12.24,2545.0,25.0,2520.0,2555.0,2415.0,77270.0
2606,2606,2008.12.26,2520.0,25.0,2550.0,2600.0,2460.0,141916.0
2607,2607,2008.12.29,2400.0,120.0,2500.0,2500.0,2370.0,65717.0
2608,2608,2008.12.30,2395.0,5.0,2470.0,2470.0,2350.0,49339.0
2609,2609,2009.01.02,2400.0,5.0,2410.0,2415.0,2340.0,38369.0
2610,2610,2009.01.05,2450.0,50.0,2410.0,2460.0,2395.0,90193.0
2611,2611,2009.01.06,2470.0,20.0,2525.0,2560.0,2450.0,72679.0
2612,2612,2009.01.07,2530.0,60.0,2470.0,2540.0,2460.0,78348.0
2613,2613,2009.01.08,2500.0,30.0,2465.0,2550.0,2460.0,65297.0
2614,2614,2009.01.09,2530.0,30.0,2545.0,2575.0,2480.0,44911.0
2615,2615,2009.01.12,2460.0,70.0,2510.0,2510.0,2430.0,66834.0
2616,2616,2009.01.13,2415.0,45.0,2410.0,2450.0,2370.0,29324.0
2617,2617,2009.01.14,2775.0,360.0,2420.0,2775.0,2420.0,562396.0
2618,2618,2009.01.15,2730.0,45.0,2800.0,3185.0,2710.0,1517219.0
2619,2619,2009.01.16,3050.0,320.0,2815.0,3125.0,2650.0,738302.0
2620,2620,2009.01.19,3120.0,70.0,3130.0,3180.0,3010.0,303099.0
2621,2621,2009.01.20,3000.0,120.0,3150.0,3150.0,2945.0,256933.0
2622,2622,2009.01.21,3050.0,50.0,2860.0,3200.0,2855.0,271584.0
2623,2623,2009.01.22,3000.0,50.0,3100.0,3120.0,2980.0,169315.0
2624,2624,2009.01.23,2900.0,100.0,2965.0,3045.0,2845.0,130109.0
2625,2625,2009.01.28,3005.0,105.0,2955.0,3050.0,2900.0,116641.0
2626,2626,2009.01.29,3035.0,30.0,3005.0,3070.0,2985.0,122715.0
2627,2627,2009.01.30,3000.0,35.0,2960.0,3045.0,2960.0,71792.0
2628,2628,2009.02.02,2935.0,65.0,3000.0,3030.0,2900.0,165088.0
2629,2629,2009.02.03,3000.0,65.0,2985.0,3030.0,2945.0,75655.0
2630,2630,2009.02.04,3180.0,180.0,3050.0,3190.0,3000.0,265792.0
2631,2631,2009.02.05,3100.0,80.0,3160.0,3190.0,3050.0,142054.0
2632,2632,2009.02.06,3100.0,0.0,3145.0,3165.0,3070.0,142238.0
2633,2633,2009.02.09,3105.0,5.0,3105.0,3175.0,3090.0,130011.0
2634,2634,2009.02.10,3425.0,320.0,3135.0,3550.0,3100.0,626358.0
2635,2635,2009.02.11,3595.0,170.0,3320.0,3625.0,3305.0,422476.0
2636,2636,2009.02.12,3645.0,50.0,3600.0,3970.0,3505.0,1933168.0
2637,2637,2009.02.13,3740.0,95.0,3700.0,3860.0,3600.0,495126.0
2638,2638,2009.02.16,3550.0,190.0,3775.0,3835.0,3550.0,387707.0
2639,2639,2009.02.17,3405.0,145.0,3510.0,3605.0,3370.0,365009.0
2640,2640,2009.02.18,3915.0,510.0,3405.0,3915.0,3400.0,2541529.0
2641,2641,2009.02.19,4500.0,585.0,4295.0,4500.0,4115.0,3411010.0
2642,2642,2009.02.20,3825.0,675.0,4495.0,4495.0,3825.0,3676155.0
2643,2643,2009.02.23,3650.0,175.0,3935.0,4115.0,3420.0,2340237.0
2644,2644,2009.02.24,3420.0,230.0,3400.0,3650.0,3320.0,901153.0
2645,2645,2009.02.25,3200.0,220.0,3550.0,3675.0,3200.0,1053559.0
2646,2646,2009.02.26,3350.0,150.0,3315.0,3470.0,3230.0,772710.0
2647,2647,2009.02.27,3450.0,100.0,3275.0,3450.0,3220.0,353916.0
2648,2648,2009.03.02,3280.0,170.0,3400.0,3450.0,3190.0,191743.0
2649,2649,2009.03.03,3180.0,100.0,3015.0,3180.0,2950.0,419445.0
2650,2650,2009.03.04,3280.0,100.0,3150.0,3305.0,3065.0,227593.0
2651,2651,2009.03.05,3450.0,170.0,3300.0,3595.0,3300.0,388162.0
2652,2652,2009.03.06,3360.0,90.0,3300.0,3370.0,3250.0,119674.0
2653,2653,2009.03.09,3365.0,5.0,3400.0,3430.0,3300.0,171756.0
2654,2654,2009.03.10,3550.0,185.0,3340.0,3650.0,3340.0,416969.0
2655,2655,2009.03.11,3580.0,30.0,3650.0,3680.0,3505.0,167790.0
2656,2656,2009.03.12,3745.0,165.0,3595.0,3850.0,3570.0,444856.0
2657,2657,2009.03.13,3600.0,145.0,3760.0,3760.0,3530.0,324853.0
2658,2658,2009.03.16,3600.0,0.0,3600.0,3750.0,3510.0,179054.0
2659,2659,2009.03.17,3615.0,15.0,3595.0,3625.0,3545.0,119140.0
2660,2660,2009.03.18,3670.0,55.0,3645.0,3675.0,3545.0,190352.0
2661,2661,2009.03.19,3665.0,5.0,3730.0,3790.0,3600.0,230240.0
2662,2662,2009.03.20,3600.0,65.0,3680.0,3700.0,3595.0,113812.0
2663,2663,2009.03.23,3600.0,0.0,3625.0,3630.0,3570.0,114096.0
2664,2664,2009.03.24,3625.0,25.0,3670.0,3690.0,3600.0,107442.0
2665,2665,2009.03.25,3560.0,65.0,3635.0,3635.0,3515.0,106381.0
2666,2666,2009.03.26,3580.0,20.0,3565.0,3580.0,3500.0,136712.0
2667,2667,2009.03.27,3370.0,210.0,3585.0,3610.0,3310.0,276175.0
2668,2668,2009.03.30,3270.0,100.0,3395.0,3395.0,3185.0,325949.0
2669,2669,2009.03.31,3315.0,45.0,3295.0,3345.0,3260.0,151885.0
2670,2670,2009.04.01,3390.0,75.0,3370.0,3435.0,3320.0,148028.0
2671,2671,2009.04.02,3545.0,155.0,3595.0,3630.0,3505.0,257156.0
2672,2672,2009.04.03,3530.0,15.0,3550.0,3590.0,3470.0,114839.0
2673,2673,2009.04.06,3735.0,205.0,3550.0,3775.0,3530.0,506207.0
2674,2674,2009.04.07,4295.0,560.0,3870.0,4295.0,3780.0,1285671.0
2675,2675,2009.04.08,4170.0,125.0,4350.0,4380.0,4100.0,1006925.0
2676,2676,2009.04.09,4250.0,80.0,4300.0,4480.0,4000.0,1375995.0
2677,2677,2009.04.10,4600.0,350.0,4255.0,4705.0,4170.0,1002458.0
2678,2678,2009.04.13,4600.0,0.0,4645.0,4730.0,4475.0,592606.0
2679,2679,2009.04.14,4500.0,100.0,4530.0,4640.0,4440.0,307729.0
2680,2680,2009.04.15,4295.0,205.0,4450.0,4450.0,4030.0,478944.0
2681,2681,2009.04.16,4490.0,195.0,4350.0,4835.0,4300.0,811902.0
2682,2682,2009.04.17,5160.0,670.0,4695.0,5160.0,4520.0,2166933.0
2683,2683,2009.04.20,5550.0,390.0,5500.0,5930.0,5210.0,3708873.0
2684,2684,2009.04.21,6380.0,830.0,5360.0,6380.0,5350.0,3967325.0
2685,2685,2009.04.22,6760.0,380.0,6710.0,7290.0,6440.0,3123789.0
2686,2686,2009.04.23,6360.0,400.0,6680.0,6740.0,6250.0,2289610.0
2687,2687,2009.04.24,6340.0,20.0,6600.0,6850.0,5910.0,1787786.0
2688,2688,2009.04.27,6000.0,340.0,6470.0,6850.0,5950.0,2319706.0
2689,2689,2009.04.28,5900.0,100.0,5920.0,6410.0,5600.0,2083775.0
2690,2690,2009.04.29,6000.0,100.0,5900.0,6070.0,5640.0,1624914.0
2691,2691,2009.04.30,6900.0,900.0,6250.0,6900.0,6160.0,2518765.0
2692,2692,2009.05.04,7390.0,490.0,7240.0,7780.0,6900.0,3840466.0
2693,2693,2009.05.06,6830.0,560.0,7390.0,7390.0,6680.0,2758474.0
2694,2694,2009.05.07,6930.0,100.0,6870.0,7160.0,6790.0,1829385.0
2695,2695,2009.05.08,6280.0,650.0,6700.0,7040.0,6110.0,4042585.0
2696,2696,2009.05.11,6150.0,130.0,6050.0,6370.0,5960.0,1897273.0
2697,2697,2009.05.12,6260.0,110.0,6360.0,6750.0,6250.0,3031122.0
2698,2698,2009.05.13,6150.0,110.0,6310.0,6350.0,6040.0,1229208.0
2699,2699,2009.05.14,6220.0,70.0,6250.0,6560.0,6120.0,1907831.0
2700,2700,2009.05.15,5920.0,300.0,6320.0,6330.0,5880.0,1146747.0
2701,2701,2009.05.18,5560.0,360.0,5800.0,5860.0,5410.0,1128004.0
2702,2702,2009.05.19,5640.0,80.0,5680.0,5740.0,5560.0,777767.0
2703,2703,2009.05.20,6000.0,360.0,5650.0,6340.0,5600.0,2701530.0
2704,2704,2009.05.21,5760.0,240.0,6020.0,6090.0,5700.0,756810.0
2705,2705,2009.05.22,5500.0,260.0,5690.0,5940.0,5430.0,811574.0
2706,2706,2009.05.25,5100.0,400.0,5400.0,5480.0,4680.0,1242997.0
2707,2707,2009.05.26,5090.0,10.0,5100.0,5380.0,4930.0,802570.0
2708,2708,2009.05.27,5350.0,260.0,5170.0,5750.0,5020.0,1751316.0
2709,2709,2009.05.28,5290.0,60.0,5320.0,5430.0,4990.0,729909.0
2710,2710,2009.05.29,5370.0,80.0,5310.0,5460.0,5200.0,551245.0
2711,2711,2009.06.01,5580.0,210.0,5440.0,5720.0,5380.0,1032148.0
2712,2712,2009.06.02,5460.0,120.0,5610.0,5700.0,5410.0,741537.0
2713,2713,2009.06.03,5400.0,60.0,5550.0,5560.0,5300.0,374574.0
2714,2714,2009.06.04,5070.0,330.0,5460.0,5900.0,5060.0,2664503.0
2715,2715,2009.06.05,5100.0,30.0,5130.0,5290.0,5040.0,661484.0
2716,2716,2009.06.08,5000.0,100.0,5120.0,5200.0,5000.0,416424.0
2717,2717,2009.06.09,4775.0,225.0,5020.0,5050.0,4735.0,696439.0
2718,2718,2009.06.10,5490.0,715.0,4705.0,5490.0,4705.0,4891337.0
2719,2719,2009.06.11,5050.0,440.0,5370.0,5440.0,5030.0,1596579.0
2720,2720,2009.06.12,4850.0,200.0,5010.0,5040.0,4755.0,933383.0
2721,2721,2009.06.15,4850.0,0.0,4830.0,4995.0,4830.0,434244.0
2722,2722,2009.06.16,4750.0,100.0,4720.0,4820.0,4685.0,379319.0
2723,2723,2009.06.17,4750.0,0.0,4810.0,4985.0,4750.0,653894.0
2724,2724,2009.06.18,4495.0,255.0,4705.0,4800.0,4495.0,448096.0
2725,2725,2009.06.19,4280.0,215.0,4520.0,4570.0,4150.0,502704.0
2726,2726,2009.06.22,4400.0,120.0,4330.0,4505.0,4330.0,248232.0
2727,2727,2009.06.23,4200.0,200.0,4275.0,4290.0,4185.0,216402.0
2728,2728,2009.06.24,4230.0,30.0,4260.0,4335.0,4165.0,288821.0
2729,2729,2009.06.25,4260.0,30.0,4235.0,4320.0,4150.0,344453.0
2730,2730,2009.06.26,4200.0,60.0,4315.0,4320.0,4195.0,212935.0
2731,2731,2009.06.29,3985.0,215.0,4250.0,4250.0,3970.0,328947.0
2732,2732,2009.06.30,3820.0,165.0,4030.0,4030.0,3750.0,364047.0
2733,2733,2009.07.01,3955.0,135.0,3780.0,3980.0,3775.0,187781.0
2734,2734,2009.07.02,3990.0,35.0,3990.0,4095.0,3975.0,131982.0
2735,2735,2009.07.03,4045.0,55.0,3970.0,4080.0,3925.0,125076.0
2736,2736,2009.07.06,4050.0,5.0,4070.0,4160.0,4025.0,104453.0
2737,2737,2009.07.07,4000.0,50.0,4100.0,4100.0,3985.0,141293.0
2738,2738,2009.07.08,3955.0,45.0,3870.0,4010.0,3870.0,132236.0
2739,2739,2009.07.09,3950.0,5.0,3980.0,3980.0,3870.0,128691.0
2740,2740,2009.07.10,3935.0,15.0,3965.0,3995.0,3875.0,120599.0
2741,2741,2009.07.13,3800.0,135.0,3960.0,4025.0,3700.0,250377.0
2742,2742,2009.07.14,3800.0,0.0,3800.0,3905.0,3740.0,202648.0
2743,2743,2009.07.15,3800.0,0.0,3800.0,3860.0,3790.0,152426.0
2744,2744,2009.07.16,3830.0,30.0,3815.0,3875.0,3810.0,169007.0
2745,2745,2009.07.17,3730.0,100.0,3850.0,3860.0,3700.0,213456.0
2746,2746,2009.07.20,3810.0,80.0,3740.0,3870.0,3730.0,176727.0
2747,2747,2009.07.21,4070.0,260.0,3825.0,4290.0,3805.0,844766.0
2748,2748,2009.07.22,4200.0,130.0,4170.0,4320.0,3980.0,640760.0
2749,2749,2009.07.23,4200.0,0.0,4200.0,4325.0,4150.0,352714.0
2750,2750,2009.07.24,4240.0,40.0,4285.0,4315.0,4200.0,249801.0
2751,2751,2009.07.27,4385.0,145.0,4200.0,4390.0,4200.0,314659.0
2752,2752,2009.07.28,4600.0,215.0,4345.0,5040.0,4280.0,3855840.0
2753,2753,2009.07.29,4235.0,365.0,4530.0,4585.0,4235.0,764497.0
2754,2754,2009.07.30,4240.0,5.0,4255.0,4305.0,4130.0,291589.0
2755,2755,2009.07.31,4250.0,10.0,4245.0,4290.0,4205.0,195750.0
2756,2756,2009.08.03,4250.0,0.0,4255.0,4285.0,4175.0,213760.0
2757,2757,2009.08.04,4175.0,75.0,4250.0,4260.0,4150.0,242314.0
2758,2758,2009.08.05,4145.0,30.0,4170.0,4195.0,4145.0,154484.0
2759,2759,2009.08.06,4140.0,5.0,4155.0,4180.0,4130.0,108642.0
2760,2760,2009.08.07,4325.0,185.0,4150.0,4335.0,4145.0,299668.0
2761,2761,2009.08.10,4350.0,25.0,4400.0,4400.0,4270.0,179149.0
2762,2762,2009.08.11,4355.0,5.0,4350.0,4535.0,4300.0,397840.0
2763,2763,2009.08.12,4340.0,15.0,4385.0,4385.0,4240.0,189939.0
2764,2764,2009.08.13,4270.0,70.0,4355.0,4370.0,4245.0,195033.0
2765,2765,2009.08.14,4325.0,55.0,4300.0,4375.0,4295.0,180986.0
2766,2766,2009.08.17,4200.0,125.0,4340.0,4340.0,4150.0,190207.0
2767,2767,2009.08.18,4100.0,100.0,4100.0,4140.0,4010.0,271563.0
2768,2768,2009.08.19,4100.0,0.0,4090.0,4140.0,4055.0,119061.0
2769,2769,2009.08.20,4230.0,130.0,4135.0,4380.0,4075.0,583645.0
2770,2770,2009.08.21,4100.0,130.0,4260.0,4285.0,4090.0,187330.0
2771,2771,2009.08.24,4000.0,100.0,4110.0,4170.0,3955.0,319058.0
2772,2772,2009.08.25,3970.0,30.0,3960.0,4000.0,3900.0,200202.0
2773,2773,2009.08.26,4020.0,50.0,3970.0,4035.0,3925.0,161731.0
2774,2774,2009.08.27,4160.0,140.0,4000.0,4180.0,3970.0,268243.0
2775,2775,2009.08.28,4345.0,185.0,4245.0,4415.0,4215.0,680730.0
2776,2776,2009.08.31,4470.0,125.0,4335.0,4535.0,4250.0,522130.0
2777,2777,2009.09.01,4470.0,0.0,4490.0,4575.0,4415.0,388964.0
2778,2778,2009.09.02,4600.0,130.0,4350.0,4620.0,4335.0,395139.0
2779,2779,2009.09.03,4650.0,50.0,4730.0,4915.0,4550.0,678148.0
2780,2780,2009.09.04,4520.0,130.0,4650.0,4705.0,4400.0,257026.0
2781,2781,2009.09.07,4420.0,100.0,4540.0,4540.0,4350.0,295681.0
2782,2782,2009.09.08,4430.0,10.0,4360.0,4455.0,4225.0,642754.0
2783,2783,2009.09.09,4430.0,0.0,4460.0,4520.0,4365.0,263125.0
2784,2784,2009.09.10,4560.0,130.0,4430.0,4675.0,4430.0,774385.0
2785,2785,2009.09.11,4450.0,110.0,4690.0,4710.0,4390.0,517506.0
2786,2786,2009.09.14,4375.0,75.0,4430.0,4450.0,4310.0,171280.0
2787,2787,2009.09.15,4375.0,0.0,4375.0,4415.0,4300.0,131206.0
2788,2788,2009.09.16,4370.0,5.0,4400.0,4560.0,4360.0,288476.0
2789,2789,2009.09.17,4400.0,30.0,4370.0,4465.0,4335.0,221810.0
2790,2790,2009.09.18,4410.0,10.0,4395.0,4435.0,4350.0,114266.0
2791,2791,2009.09.21,4340.0,70.0,4415.0,4415.0,4320.0,151647.0
2792,2792,2009.09.22,4300.0,40.0,4330.0,4360.0,4280.0,169926.0
2793,2793,2009.09.23,4280.0,20.0,4300.0,4340.0,4265.0,139369.0
2794,2794,2009.09.24,4135.0,145.0,4285.0,4320.0,4100.0,186975.0
2795,2795,2009.09.25,4130.0,5.0,4150.0,4150.0,4045.0,65640.0
2796,2796,2009.09.28,4060.0,70.0,4155.0,4160.0,4000.0,101451.0
2797,2797,2009.09.29,4110.0,50.0,4065.0,4115.0,4045.0,86528.0
2798,2798,2009.09.30,4060.0,50.0,4120.0,4120.0,4020.0,92592.0
2799,2799,2009.10.01,4060.0,0.0,4055.0,4080.0,3905.0,78045.0
2800,2800,2009.10.05,3990.0,70.0,4050.0,4050.0,3960.0,41658.0
2801,2801,2009.10.06,4000.0,10.0,4000.0,4035.0,3985.0,87319.0
2802,2802,2009.10.07,4040.0,40.0,4015.0,4040.0,3970.0,114316.0
2803,2803,2009.10.08,4025.0,15.0,4020.0,4050.0,3990.0,62934.0
2804,2804,2009.10.09,4140.0,115.0,4025.0,4160.0,4015.0,147893.0
2805,2805,2009.10.12,4120.0,20.0,4105.0,4155.0,4085.0,69446.0
2806,2806,2009.10.13,4115.0,5.0,4100.0,4115.0,4000.0,159739.0
2807,2807,2009.10.14,4100.0,15.0,4130.0,4135.0,4070.0,69334.0
2808,2808,2009.10.15,4100.0,0.0,4130.0,4240.0,4050.0,264997.0
2809,2809,2009.10.16,4150.0,50.0,4060.0,4230.0,4055.0,169731.0
2810,2810,2009.10.19,4150.0,0.0,4140.0,4160.0,4090.0,73786.0
2811,2811,2009.10.20,4195.0,45.0,4160.0,4270.0,4160.0,174321.0
2812,2812,2009.10.21,4190.0,5.0,4160.0,4250.0,4140.0,67568.0
2813,2813,2009.10.22,4100.0,90.0,4120.0,4190.0,4070.0,92016.0
2814,2814,2009.10.23,4050.0,50.0,4105.0,4150.0,4030.0,70423.0
2815,2815,2009.10.26,4040.0,10.0,4050.0,4050.0,3970.0,122212.0
2816,2816,2009.10.27,4000.0,40.0,4000.0,4030.0,3960.0,86016.0
2817,2817,2009.10.28,3900.0,100.0,3980.0,4000.0,3855.0,117375.0
2818,2818,2009.10.29,3760.0,140.0,3770.0,3770.0,3605.0,158233.0
2819,2819,2009.10.30,3840.0,80.0,3800.0,3850.0,3760.0,58921.0
2820,2820,2009.11.02,3730.0,110.0,3625.0,3800.0,3625.0,68832.0
2821,2821,2009.11.03,3750.0,20.0,3830.0,3855.0,3730.0,78950.0
2822,2822,2009.11.04,3750.0,0.0,3700.0,3790.0,3700.0,62421.0
2823,2823,2009.11.05,3870.0,120.0,3750.0,3970.0,3710.0,108122.0
2824,2824,2009.11.06,3990.0,120.0,3970.0,3990.0,3900.0,64218.0
2825,2825,2009.11.09,3950.0,40.0,4030.0,4030.0,3900.0,73809.0
2826,2826,2009.11.10,3890.0,60.0,3960.0,4005.0,3875.0,35271.0
2827,2827,2009.11.11,3880.0,10.0,3855.0,3940.0,3800.0,37163.0
2828,2828,2009.11.12,3875.0,5.0,3860.0,3950.0,3860.0,52582.0
2829,2829,2009.11.13,3850.0,25.0,3880.0,3880.0,3815.0,23078.0
2830,2830,2009.11.16,3850.0,0.0,3895.0,3895.0,3820.0,21290.0
2831,2831,2009.11.17,3830.0,20.0,3860.0,3860.0,3790.0,37150.0
2832,2832,2009.11.18,3830.0,0.0,3860.0,3860.0,3785.0,55286.0
2833,2833,2009.11.19,3890.0,60.0,3830.0,3950.0,3830.0,82612.0
2834,2834,2009.11.20,4040.0,150.0,3835.0,4050.0,3835.0,138458.0
2835,2835,2009.11.23,4045.0,5.0,4050.0,4060.0,4005.0,92967.0
2836,2836,2009.11.24,4000.0,45.0,4045.0,4045.0,3990.0,91965.0
2837,2837,2009.11.25,4030.0,30.0,4000.0,4040.0,3965.0,31333.0
2838,2838,2009.11.26,4320.0,290.0,4030.0,4330.0,3960.0,542147.0
2839,2839,2009.11.27,4040.0,280.0,4260.0,4300.0,3915.0,440691.0
2840,2840,2009.11.30,4370.0,330.0,4090.0,4470.0,4090.0,588553.0
2841,2841,2009.12.01,4380.0,10.0,4415.0,4620.0,4280.0,698727.0
2842,2842,2009.12.02,4510.0,130.0,4410.0,4560.0,4290.0,637968.0
2843,2843,2009.12.03,4510.0,0.0,4595.0,4600.0,4425.0,486311.0
2844,2844,2009.12.04,4585.0,75.0,4550.0,4585.0,4470.0,574450.0
2845,2845,2009.12.07,4590.0,5.0,4700.0,4800.0,4555.0,950994.0
2846,2846,2009.12.08,4660.0,70.0,4645.0,4755.0,4565.0,504781.0
2847,2847,2009.12.09,4875.0,215.0,4600.0,4905.0,4540.0,812848.0
2848,2848,2009.12.10,4870.0,5.0,4875.0,4965.0,4785.0,287128.0
2849,2849,2009.12.11,4880.0,10.0,4900.0,4935.0,4775.0,340569.0
2850,2850,2009.12.14,5040.0,160.0,4950.0,5160.0,4880.0,703762.0
2851,2851,2009.12.15,5180.0,140.0,5040.0,5250.0,4965.0,526600.0
2852,2852,2009.12.16,5510.0,330.0,5200.0,5580.0,5150.0,972189.0
2853,2853,2009.12.17,5500.0,10.0,5750.0,5810.0,5360.0,2011652.0
2854,2854,2009.12.18,5550.0,50.0,5410.0,5600.0,5380.0,679198.0
2855,2855,2009.12.21,5470.0,80.0,5620.0,5810.0,5360.0,922320.0
2856,2856,2009.12.22,5100.0,370.0,5480.0,5490.0,5090.0,1075427.0
2857,2857,2009.12.23,5300.0,200.0,5190.0,5300.0,5070.0,583810.0
2858,2858,2009.12.24,5240.0,60.0,5250.0,5380.0,5080.0,489844.0
2859,2859,2009.12.28,5440.0,200.0,5260.0,5640.0,5120.0,857374.0
2860,2860,2009.12.29,5420.0,20.0,5450.0,5560.0,5370.0,435066.0
2861,2861,2009.12.30,5110.0,310.0,5350.0,5350.0,5020.0,1454235.0
2862,2862,2010.01.04,5870.0,760.0,5120.0,5870.0,5050.0,2697733.0
2863,2863,2010.01.05,6070.0,200.0,5820.0,6180.0,5680.0,2336937.0
2864,2864,2010.01.06,6340.0,270.0,6150.0,6390.0,5840.0,1872120.0
2865,2865,2010.01.07,5930.0,410.0,6670.0,6890.0,5920.0,2742293.0
2866,2866,2010.01.08,5980.0,50.0,5960.0,6070.0,5620.0,1636715.0
2867,2867,2010.01.11,6290.0,310.0,5920.0,6320.0,5820.0,2226343.0
2868,2868,2010.01.12,6550.0,260.0,6370.0,6610.0,6210.0,3899913.0
2869,2869,2010.01.13,6500.0,50.0,6460.0,6640.0,6450.0,1518780.0
2870,2870,2010.01.14,6650.0,150.0,6480.0,6710.0,6390.0,1358959.0
2871,2871,2010.01.15,6580.0,70.0,6700.0,6700.0,6400.0,857663.0
2872,2872,2010.01.18,6400.0,180.0,6400.0,6500.0,6270.0,845713.0
2873,2873,2010.01.19,6200.0,200.0,6450.0,6590.0,6190.0,988389.0
2874,2874,2010.01.20,6240.0,40.0,6260.0,6370.0,6050.0,773282.0
2875,2875,2010.01.21,6250.0,10.0,6290.0,6460.0,6130.0,573749.0
2876,2876,2010.01.22,5800.0,450.0,6140.0,6190.0,5600.0,1606527.0
2877,2877,2010.01.25,5400.0,400.0,5650.0,5700.0,5340.0,765533.0
2878,2878,2010.01.26,5200.0,200.0,5410.0,5480.0,5100.0,668898.0
2879,2879,2010.01.27,5360.0,160.0,5210.0,5560.0,5150.0,854002.0
2880,2880,2010.01.28,4560.0,800.0,4560.0,5000.0,4560.0,9437380.0
2881,2881,2010.01.29,3950.0,610.0,4410.0,4410.0,3885.0,2493184.0
2882,2882,2010.02.01,4250.0,300.0,4000.0,4375.0,4000.0,1747230.0
2883,2883,2010.02.02,4080.0,170.0,4210.0,4255.0,4030.0,717969.0
2884,2884,2010.02.03,4295.0,215.0,4145.0,4365.0,4070.0,669250.0
2885,2885,2010.02.04,4460.0,165.0,4220.0,4500.0,4220.0,591244.0
2886,2886,2010.02.05,4560.0,100.0,4300.0,4890.0,4200.0,1876094.0
2887,2887,2010.02.08,4300.0,260.0,4610.0,4690.0,4280.0,1175678.0
2888,2888,2010.02.09,4300.0,0.0,4255.0,4380.0,4245.0,376878.0
2889,2889,2010.02.10,4300.0,0.0,4400.0,4425.0,4300.0,260346.0
2890,2890,2010.02.11,4305.0,5.0,4300.0,4380.0,4260.0,379390.0
2891,2891,2010.02.12,4455.0,150.0,4320.0,4510.0,4320.0,340147.0
2892,2892,2010.02.16,4580.0,125.0,4495.0,4630.0,4455.0,341180.0
2893,2893,2010.02.17,4580.0,0.0,4590.0,4640.0,4505.0,377935.0
2894,2894,2010.02.18,4400.0,180.0,4585.0,4630.0,4395.0,337860.0
2895,2895,2010.02.19,4200.0,200.0,4420.0,4420.0,4150.0,601642.0
2896,2896,2010.02.22,4310.0,110.0,4235.0,4355.0,4235.0,234158.0
2897,2897,2010.02.23,4375.0,65.0,4300.0,4415.0,4240.0,279494.0
2898,2898,2010.02.24,4495.0,120.0,4365.0,4585.0,4300.0,431231.0
2899,2899,2010.02.25,4400.0,95.0,4570.0,4570.0,4360.0,328816.0
2900,2900,2010.02.26,4400.0,0.0,4400.0,4430.0,4350.0,163991.0
2901,2901,2010.03.02,4450.0,50.0,4365.0,4530.0,4365.0,355052.0
2902,2902,2010.03.03,4500.0,50.0,4475.0,4675.0,4475.0,510114.0
2903,2903,2010.03.04,4400.0,100.0,4455.0,4520.0,4385.0,334574.0
2904,2904,2010.03.05,4500.0,100.0,4500.0,4500.0,4435.0,235565.0
2905,2905,2010.03.08,4660.0,160.0,4540.0,4685.0,4530.0,487697.0
2906,2906,2010.03.09,4940.0,280.0,4950.0,5000.0,4800.0,1302073.0
2907,2907,2010.03.10,4900.0,40.0,4900.0,4925.0,4730.0,797551.0
2908,2908,2010.03.11,4900.0,0.0,4900.0,5040.0,4830.0,1005153.0
2909,2909,2010.03.12,4900.0,0.0,0.0,0.0,0.0,0.0
2910,2910,2010.03.15,4900.0,0.0,0.0,0.0,0.0,0.0
2911,2911,2010.03.16,4900.0,0.0,0.0,0.0,0.0,0.0
2912,2912,2010.03.17,4900.0,0.0,0.0,0.0,0.0,0.0
2913,2913,2010.03.18,4900.0,0.0,0.0,0.0,0.0,0.0
2914,2914,2010.03.19,4900.0,0.0,0.0,0.0,0.0,0.0
2915,2915,2010.03.22,4900.0,0.0,0.0,0.0,0.0,0.0
2916,2916,2010.03.23,4900.0,0.0,0.0,0.0,0.0,0.0
2917,2917,2010.03.24,4900.0,0.0,0.0,0.0,0.0,0.0
2918,2918,2010.03.25,4900.0,0.0,0.0,0.0,0.0,0.0
2919,2919,2010.03.26,4900.0,0.0,0.0,0.0,0.0,0.0
2920,2920,2010.03.29,4900.0,0.0,0.0,0.0,0.0,0.0
2921,2921,2010.03.30,4900.0,0.0,0.0,0.0,0.0,0.0
2922,2922,2010.03.31,4900.0,0.0,0.0,0.0,0.0,0.0
2923,2923,2010.04.01,4900.0,0.0,0.0,0.0,0.0,0.0
2924,2924,2010.04.02,4900.0,0.0,0.0,0.0,0.0,0.0
2925,2925,2010.04.05,4900.0,0.0,0.0,0.0,0.0,0.0
2926,2926,2010.04.06,4900.0,0.0,0.0,0.0,0.0,0.0
2927,2927,2010.04.07,4900.0,0.0,0.0,0.0,0.0,0.0
2928,2928,2010.04.08,4900.0,0.0,0.0,0.0,0.0,0.0
2929,2929,2010.04.09,4900.0,0.0,0.0,0.0,0.0,0.0
2930,2930,2010.04.12,4900.0,0.0,0.0,0.0,0.0,0.0
2931,2931,2010.04.13,4900.0,0.0,0.0,0.0,0.0,0.0
2932,2932,2010.04.14,4900.0,0.0,0.0,0.0,0.0,0.0
2933,2933,2010.04.15,4900.0,0.0,0.0,0.0,0.0,0.0
2934,2934,2010.04.16,4900.0,0.0,0.0,0.0,0.0,0.0
2935,2935,2010.04.19,4900.0,0.0,0.0,0.0,0.0,0.0
2936,2936,2010.04.20,4900.0,0.0,0.0,0.0,0.0,0.0
2937,2937,2010.04.21,4900.0,0.0,0.0,0.0,0.0,0.0
2938,2938,2010.04.22,4700.0,200.0,4650.0,5190.0,4610.0,3937335.0
2939,2939,2010.04.23,4500.0,200.0,4715.0,4785.0,4430.0,970087.0
2940,2940,2010.04.26,4265.0,235.0,4485.0,4570.0,4265.0,647774.0
2941,2941,2010.04.27,4360.0,95.0,4265.0,4470.0,4265.0,530938.0
2942,2942,2010.04.28,4900.0,540.0,4270.0,5010.0,4210.0,2083196.0
2943,2943,2010.04.29,4745.0,155.0,4665.0,4775.0,4555.0,902330.0
2944,2944,2010.04.30,4850.0,105.0,4780.0,5020.0,4705.0,721570.0
2945,2945,2010.05.03,4655.0,195.0,4750.0,4850.0,4655.0,295366.0
2946,2946,2010.05.04,4700.0,45.0,4655.0,4735.0,4570.0,270992.0
2947,2947,2010.05.06,4595.0,105.0,4610.0,4670.0,4500.0,198144.0
2948,2948,2010.05.07,4440.0,155.0,4460.0,4460.0,4200.0,288267.0
2949,2949,2010.05.10,4705.0,265.0,4405.0,4725.0,4405.0,216994.0
2950,2950,2010.05.11,4690.0,15.0,4740.0,4885.0,4660.0,222914.0
2951,2951,2010.05.12,4715.0,25.0,4800.0,4860.0,4710.0,192268.0
2952,2952,2010.05.13,4680.0,35.0,4795.0,4805.0,4570.0,176392.0
2953,2953,2010.05.14,4670.0,10.0,4700.0,4715.0,4570.0,131758.0
2954,2954,2010.05.17,4440.0,230.0,4600.0,4600.0,4345.0,207591.0
2955,2955,2010.05.18,4345.0,95.0,4550.0,4550.0,4200.0,256684.0
2956,2956,2010.05.19,4365.0,20.0,4325.0,4375.0,4100.0,159441.0
2957,2957,2010.05.20,4480.0,115.0,4360.0,4480.0,4250.0,279619.0
2958,2958,2010.05.24,4480.0,0.0,4500.0,4560.0,4350.0,152071.0
2959,2959,2010.05.25,4385.0,95.0,4370.0,4445.0,3975.0,209718.0
2960,2960,2010.05.26,4380.0,5.0,4375.0,4410.0,4205.0,128636.0
2961,2961,2010.05.27,4260.0,120.0,4260.0,4370.0,4195.0,146714.0
2962,2962,2010.05.28,4200.0,60.0,4250.0,4285.0,4200.0,125276.0
2963,2963,2010.05.31,4200.0,0.0,3950.0,4370.0,3930.0,336082.0
2964,2964,2010.06.01,4575.0,375.0,4290.0,4790.0,4240.0,514911.0
2965,2965,2010.06.03,4620.0,45.0,4600.0,4850.0,4600.0,216378.0
2966,2966,2010.06.04,4695.0,75.0,4620.0,4730.0,4620.0,97140.0
2967,2967,2010.06.07,4695.0,0.0,4630.0,4735.0,4500.0,174467.0
2968,2968,2010.06.08,5390.0,695.0,4690.0,5390.0,4690.0,627608.0
2969,2969,2010.06.09,5820.0,430.0,5760.0,6190.0,5510.0,4421531.0
2970,2970,2010.06.10,6090.0,270.0,5850.0,6090.0,5570.0,1602256.0
2971,2971,2010.06.11,6000.0,90.0,6200.0,6310.0,5930.0,1493041.0
2972,2972,2010.06.14,6000.0,0.0,5990.0,6500.0,5820.0,1366538.0
2973,2973,2010.06.15,5780.0,220.0,6110.0,6110.0,5740.0,536048.0
2974,2974,2010.06.16,5900.0,120.0,5670.0,6000.0,5630.0,574202.0
2975,2975,2010.06.17,6120.0,220.0,5880.0,6150.0,5880.0,573760.0
2976,2976,2010.06.18,6070.0,50.0,6050.0,6220.0,5960.0,313228.0
2977,2977,2010.06.21,6600.0,530.0,6220.0,6980.0,6220.0,3102772.0
2978,2978,2010.06.22,6460.0,140.0,6500.0,6810.0,6430.0,745793.0
2979,2979,2010.06.23,6350.0,110.0,6360.0,6560.0,6270.0,364145.0
2980,2980,2010.06.24,6420.0,70.0,6320.0,6570.0,6320.0,263638.0
2981,2981,2010.06.25,6260.0,160.0,6380.0,6400.0,6190.0,345861.0
2982,2982,2010.06.28,6400.0,140.0,6310.0,6950.0,6200.0,655971.0
2983,2983,2010.06.29,6710.0,310.0,6400.0,6710.0,6400.0,680906.0
2984,2984,2010.06.30,6670.0,40.0,6600.0,6890.0,6560.0,682703.0
2985,2985,2010.07.01,6400.0,270.0,6540.0,6550.0,6300.0,450637.0
2986,2986,2010.07.02,6390.0,10.0,6500.0,6670.0,5970.0,938756.0
2987,2987,2010.07.05,6200.0,190.0,6390.0,6470.0,6130.0,329530.0
2988,2988,2010.07.06,6100.0,100.0,6200.0,6210.0,6000.0,205097.0
2989,2989,2010.07.07,5600.0,500.0,6100.0,6180.0,5600.0,630897.0
2990,2990,2010.07.08,5600.0,0.0,5650.0,5810.0,5560.0,451223.0
2991,2991,2010.07.09,5700.0,100.0,5660.0,5750.0,5540.0,320067.0
2992,2992,2010.07.12,5950.0,250.0,5750.0,6150.0,5700.0,649465.0
2993,2993,2010.07.13,6040.0,90.0,5900.0,6070.0,5870.0,229426.0
2994,2994,2010.07.14,6000.0,40.0,6080.0,6080.0,5910.0,250896.0
2995,2995,2010.07.15,5850.0,150.0,6000.0,6070.0,5770.0,301691.0
2996,2996,2010.07.16,5900.0,50.0,5850.0,6030.0,5840.0,167901.0
2997,2997,2010.07.19,6110.0,210.0,5860.0,6600.0,5500.0,1182536.0
2998,2998,2010.07.20,6300.0,190.0,6300.0,6470.0,6120.0,497525.0
2999,2999,2010.07.21,6300.0,0.0,6380.0,6450.0,6160.0,356695.0
3000,3000,2010.07.22,6200.0,100.0,6150.0,6280.0,6110.0,153942.0
3001,3001,2010.07.23,5900.0,300.0,6220.0,6350.0,5840.0,420282.0
3002,3002,2010.07.26,6000.0,100.0,6200.0,6350.0,5920.0,454393.0
3003,3003,2010.07.27,6010.0,10.0,6050.0,6260.0,5970.0,544094.0
3004,3004,2010.07.28,6120.0,110.0,6000.0,6160.0,5940.0,226452.0
3005,3005,2010.07.29,6050.0,70.0,6060.0,6200.0,5850.0,345557.0
3006,3006,2010.07.30,6050.0,0.0,6060.0,6370.0,5840.0,589926.0
3007,3007,2010.08.02,5710.0,340.0,5900.0,6040.0,5710.0,436125.0
3008,3008,2010.08.03,5830.0,120.0,5730.0,5910.0,5660.0,236781.0
3009,3009,2010.08.04,5660.0,170.0,5900.0,5900.0,5660.0,290797.0
3010,3010,2010.08.05,4835.0,825.0,5700.0,5720.0,4820.0,1382854.0
3011,3011,2010.08.06,4735.0,100.0,4845.0,4925.0,4580.0,472454.0
3012,3012,2010.08.09,4985.0,250.0,4735.0,5100.0,4735.0,288150.0
3013,3013,2010.08.10,4920.0,65.0,5000.0,5070.0,4900.0,154476.0
3014,3014,2010.08.11,4850.0,70.0,4880.0,4880.0,4730.0,201921.0
3015,3015,2010.08.12,4810.0,40.0,4750.0,4880.0,4745.0,163836.0
3016,3016,2010.08.13,4810.0,0.0,4800.0,4895.0,4715.0,111752.0
3017,3017,2010.08.16,4750.0,60.0,4880.0,4880.0,4725.0,80568.0
3018,3018,2010.08.17,4570.0,180.0,4710.0,4775.0,4565.0,149213.0
3019,3019,2010.08.18,4750.0,180.0,4880.0,4880.0,4610.0,135081.0
3020,3020,2010.08.19,4730.0,20.0,4750.0,4770.0,4650.0,60911.0
3021,3021,2010.08.20,4665.0,65.0,4690.0,4690.0,4590.0,88655.0
3022,3022,2010.08.23,4600.0,65.0,4610.0,4670.0,4585.0,82858.0
3023,3023,2010.08.24,4600.0,0.0,4575.0,4655.0,4525.0,83586.0
3024,3024,2010.08.25,4705.0,105.0,4590.0,4890.0,4540.0,132839.0
3025,3025,2010.08.26,4570.0,135.0,4755.0,4800.0,4565.0,80227.0
3026,3026,2010.08.27,4575.0,5.0,4515.0,4640.0,4510.0,56901.0
3027,3027,2010.08.30,4700.0,125.0,4595.0,4700.0,4595.0,73116.0
3028,3028,2010.08.31,4700.0,0.0,4700.0,4835.0,4650.0,73708.0
3029,3029,2010.09.01,4750.0,50.0,4720.0,4795.0,4705.0,48476.0
3030,3030,2010.09.02,4760.0,10.0,4760.0,4840.0,4715.0,62381.0
3031,3031,2010.09.03,4760.0,0.0,4770.0,4800.0,4570.0,141990.0
3032,3032,2010.09.06,4835.0,75.0,4800.0,4845.0,4760.0,61397.0
3033,3033,2010.09.07,4870.0,35.0,4800.0,4880.0,4750.0,46335.0
3034,3034,2010.09.08,4840.0,30.0,4800.0,4885.0,4755.0,41275.0
3035,3035,2010.09.09,4815.0,25.0,4800.0,4885.0,4790.0,71312.0
3036,3036,2010.09.10,4820.0,5.0,4845.0,4845.0,4765.0,89117.0
3037,3037,2010.09.13,4815.0,5.0,4880.0,4880.0,4760.0,99009.0
3038,3038,2010.09.14,4760.0,55.0,4805.0,4835.0,4745.0,106799.0
3039,3039,2010.09.15,4905.0,145.0,4730.0,5110.0,4730.0,350512.0
3040,3040,2010.09.16,4870.0,35.0,4865.0,4950.0,4860.0,79336.0
3041,3041,2010.09.17,4800.0,70.0,4905.0,4970.0,4630.0,215941.0
3042,3042,2010.09.20,4800.0,0.0,4900.0,4900.0,4770.0,58288.0
3043,3043,2010.09.24,4800.0,0.0,4800.0,4820.0,4750.0,44619.0
3044,3044,2010.09.27,4680.0,120.0,4830.0,4830.0,4630.0,160245.0
3045,3045,2010.09.28,4575.0,105.0,4680.0,4735.0,4480.0,223815.0
3046,3046,2010.09.29,4400.0,175.0,4500.0,4500.0,4245.0,336599.0
3047,3047,2010.09.30,4435.0,35.0,4400.0,4495.0,4400.0,131606.0
3048,3048,2010.10.01,4440.0,5.0,4435.0,4490.0,4420.0,105334.0
3049,3049,2010.10.04,4310.0,130.0,4375.0,4460.0,4310.0,200421.0
3050,3050,2010.10.05,4200.0,110.0,4300.0,4390.0,4185.0,207162.0
3051,3051,2010.10.06,4250.0,50.0,4285.0,4310.0,4235.0,90636.0
3052,3052,2010.10.07,4250.0,0.0,4265.0,4290.0,4245.0,98333.0
3053,3053,2010.10.08,4215.0,35.0,4280.0,4280.0,4150.0,129194.0
3054,3054,2010.10.11,4150.0,65.0,4215.0,4215.0,4150.0,121370.0
3055,3055,2010.10.12,4155.0,5.0,4140.0,4215.0,4120.0,82303.0
3056,3056,2010.10.13,4340.0,185.0,4145.0,4430.0,4145.0,178768.0
3057,3057,2010.10.14,4390.0,50.0,4350.0,4480.0,4340.0,112670.0
3058,3058,2010.10.15,4360.0,30.0,4390.0,4440.0,4345.0,63522.0
3059,3059,2010.10.18,4400.0,40.0,4425.0,4440.0,4360.0,58758.0
3060,3060,2010.10.19,4290.0,110.0,4440.0,4445.0,4290.0,72633.0
3061,3061,2010.10.20,4320.0,30.0,4370.0,4370.0,4280.0,89346.0
3062,3062,2010.10.21,4410.0,90.0,4375.0,4430.0,4330.0,91854.0
3063,3063,2010.10.22,4395.0,15.0,4410.0,4485.0,4395.0,113445.0
3064,3064,2010.10.25,4395.0,0.0,4365.0,4440.0,4350.0,97862.0
3065,3065,2010.10.26,4400.0,5.0,4410.0,4430.0,4335.0,121023.0
3066,3066,2010.10.27,4305.0,95.0,4400.0,4400.0,4300.0,138888.0
3067,3067,2010.10.28,4275.0,30.0,4305.0,4350.0,4255.0,109299.0
3068,3068,2010.10.29,4230.0,45.0,4295.0,4300.0,4175.0,115857.0
3069,3069,2010.11.01,4265.0,35.0,4210.0,4300.0,4210.0,64635.0
3070,3070,2010.11.02,4285.0,20.0,4220.0,4285.0,4210.0,74485.0
3071,3071,2010.11.03,4460.0,175.0,4300.0,4520.0,4275.0,208123.0
3072,3072,2010.11.04,4510.0,50.0,4480.0,4510.0,4415.0,133465.0
3073,3073,2010.11.05,4375.0,135.0,4545.0,4545.0,4330.0,136194.0
3074,3074,2010.11.08,4370.0,5.0,4375.0,4425.0,4300.0,66171.0
3075,3075,2010.11.09,4400.0,30.0,4355.0,4415.0,4300.0,77506.0
3076,3076,2010.11.10,4450.0,50.0,4395.0,4570.0,4320.0,203456.0
3077,3077,2010.11.11,4450.0,0.0,4455.0,4565.0,4380.0,90285.0
3078,3078,2010.11.12,4300.0,150.0,4370.0,4450.0,4265.0,82030.0
3079,3079,2010.11.15,4300.0,0.0,4260.0,4335.0,4205.0,82581.0
3080,3080,2010.11.16,4200.0,100.0,4300.0,4300.0,4180.0,101868.0
3081,3081,2010.11.17,4200.0,0.0,4180.0,4240.0,4160.0,39111.0
3082,3082,2010.11.18,4200.0,0.0,4205.0,4250.0,4190.0,80349.0
3083,3083,2010.11.19,4175.0,25.0,4200.0,4235.0,4150.0,96036.0
3084,3084,2010.11.22,4130.0,45.0,4200.0,4200.0,4120.0,81888.0
3085,3085,2010.11.23,4190.0,60.0,4110.0,4230.0,4110.0,55157.0
3086,3086,2010.11.24,4100.0,90.0,4000.0,4120.0,3950.0,72956.0
3087,3087,2010.11.25,4080.0,20.0,4130.0,4140.0,4055.0,79699.0
3088,3088,2010.11.26,4000.0,80.0,4055.0,4110.0,3950.0,123890.0
3089,3089,2010.11.29,4150.0,150.0,3950.0,4205.0,3945.0,129456.0
3090,3090,2010.11.30,4200.0,50.0,4140.0,4210.0,4125.0,34129.0
3091,3091,2010.12.01,4330.0,130.0,4150.0,4435.0,4130.0,172837.0
3092,3092,2010.12.02,4340.0,10.0,4330.0,4410.0,4300.0,81479.0
3093,3093,2010.12.03,4260.0,80.0,4345.0,4395.0,4260.0,91406.0
3094,3094,2010.12.06,4100.0,160.0,4265.0,4300.0,4000.0,111350.0
3095,3095,2010.12.07,4270.0,170.0,4050.0,4270.0,4050.0,98005.0
3096,3096,2010.12.08,4100.0,170.0,4240.0,4290.0,4000.0,109528.0
3097,3097,2010.12.09,4125.0,25.0,4060.0,4165.0,4035.0,52235.0
3098,3098,2010.12.10,4130.0,5.0,4100.0,4170.0,4100.0,30440.0
3099,3099,2010.12.13,4200.0,70.0,4180.0,4250.0,4140.0,43320.0
3100,3100,2010.12.14,4295.0,95.0,4175.0,4330.0,4175.0,81160.0
3101,3101,2010.12.15,4265.0,30.0,4330.0,4330.0,4250.0,68449.0
3102,3102,2010.12.16,4275.0,10.0,4260.0,4295.0,4220.0,43176.0
3103,3103,2010.12.17,4360.0,85.0,4260.0,4435.0,4250.0,135666.0
3104,3104,2010.12.20,4360.0,0.0,4360.0,4360.0,4240.0,115214.0
3105,3105,2010.12.21,4360.0,0.0,4420.0,4420.0,4350.0,59838.0
3106,3106,2010.12.22,4350.0,10.0,4350.0,4400.0,4255.0,71375.0
3107,3107,2010.12.23,4570.0,220.0,4350.0,4640.0,4300.0,301572.0
3108,3108,2010.12.24,4500.0,70.0,4570.0,4585.0,4420.0,175789.0
3109,3109,2010.12.27,4470.0,30.0,4470.0,4540.0,4445.0,77949.0
3110,3110,2010.12.28,4670.0,200.0,4470.0,5060.0,4470.0,541617.0
3111,3111,2010.12.29,5370.0,700.0,4750.0,5370.0,4745.0,1245658.0
3112,3112,2010.12.30,5280.0,90.0,5420.0,5600.0,5050.0,1020128.0
3113,3113,2011.01.03,5610.0,330.0,5380.0,5780.0,5330.0,658103.0
3114,3114,2011.01.04,5490.0,120.0,5580.0,5790.0,5360.0,396997.0
3115,3115,2011.01.05,5190.0,300.0,5490.0,5500.0,5060.0,403969.0
3116,3116,2011.01.06,5350.0,160.0,5250.0,5500.0,5200.0,319608.0
3117,3117,2011.01.07,5460.0,110.0,5320.0,5520.0,5280.0,187548.0
3118,3118,2011.01.10,5510.0,50.0,5470.0,5740.0,5470.0,243367.0
3119,3119,2011.01.11,5570.0,60.0,5470.0,5570.0,5350.0,106108.0
3120,3120,2011.01.12,5450.0,120.0,5600.0,5600.0,5450.0,97839.0
3121,3121,2011.01.13,5350.0,100.0,5460.0,5480.0,5230.0,176647.0
3122,3122,2011.01.14,5300.0,50.0,5350.0,5350.0,5240.0,161624.0
3123,3123,2011.01.17,5340.0,40.0,5400.0,5530.0,5320.0,124489.0
3124,3124,2011.01.18,5190.0,150.0,5310.0,5390.0,5180.0,117681.0
3125,3125,2011.01.19,5150.0,40.0,5210.0,5290.0,5100.0,102341.0
3126,3126,2011.01.20,5110.0,40.0,5200.0,5200.0,4860.0,215327.0
3127,3127,2011.01.21,5030.0,80.0,5110.0,5110.0,4965.0,93355.0
3128,3128,2011.01.24,4950.0,80.0,5010.0,5060.0,4920.0,57400.0
3129,3129,2011.01.25,4850.0,100.0,4945.0,4945.0,4700.0,285900.0
3130,3130,2011.01.26,4880.0,30.0,4850.0,4935.0,4810.0,23292.0
3131,3131,2011.01.27,4815.0,65.0,4900.0,4900.0,4785.0,59774.0
3132,3132,2011.01.28,4745.0,70.0,4760.0,4840.0,4630.0,107648.0
3133,3133,2011.01.31,4650.0,95.0,4720.0,4795.0,4635.0,65186.0
3134,3134,2011.02.01,4640.0,10.0,4650.0,4780.0,4605.0,68276.0
3135,3135,2011.02.07,4920.0,280.0,4650.0,5050.0,4650.0,103251.0
3136,3136,2011.02.08,4915.0,5.0,5000.0,5020.0,4845.0,56150.0
3137,3137,2011.02.09,4750.0,165.0,4890.0,4895.0,4715.0,120890.0
3138,3138,2011.02.10,4750.0,0.0,4750.0,4900.0,4730.0,68581.0
3139,3139,2011.02.11,4820.0,70.0,4805.0,5000.0,4750.0,122835.0
3140,3140,2011.02.14,4805.0,15.0,4850.0,4960.0,4785.0,66859.0
3141,3141,2011.02.15,4815.0,10.0,4820.0,4850.0,4730.0,111896.0
3142,3142,2011.02.16,4990.0,175.0,4820.0,5070.0,4800.0,280359.0
3143,3143,2011.02.17,5050.0,60.0,5050.0,5130.0,4905.0,116945.0
3144,3144,2011.02.18,5140.0,90.0,5100.0,5250.0,5070.0,132038.0
3145,3145,2011.02.21,4990.0,150.0,5190.0,5190.0,4955.0,122446.0
3146,3146,2011.02.22,4930.0,60.0,5000.0,5030.0,4905.0,93367.0
3147,3147,2011.02.23,4965.0,35.0,4905.0,5110.0,4900.0,267052.0
3148,3148,2011.02.24,5030.0,65.0,4965.0,5100.0,4960.0,208851.0
3149,3149,2011.02.25,4935.0,95.0,5040.0,5160.0,4935.0,157529.0
3150,3150,2011.02.28,4740.0,195.0,5000.0,5000.0,4730.0,165394.0
3151,3151,2011.03.02,4725.0,15.0,4715.0,4785.0,4660.0,121962.0
3152,3152,2011.03.03,4800.0,75.0,4700.0,4850.0,4700.0,68294.0
3153,3153,2011.03.04,4760.0,40.0,4805.0,4855.0,4730.0,94620.0
3154,3154,2011.03.07,4700.0,60.0,4780.0,4780.0,4670.0,79701.0
3155,3155,2011.03.08,4705.0,5.0,4660.0,4730.0,4660.0,48050.0
3156,3156,2011.03.09,4750.0,45.0,4700.0,4750.0,4685.0,95359.0
3157,3157,2011.03.10,4785.0,35.0,4795.0,4855.0,4745.0,142153.0
3158,3158,2011.03.11,4695.0,90.0,4770.0,4770.0,4685.0,153206.0
3159,3159,2011.03.14,4925.0,230.0,4690.0,4925.0,4670.0,126947.0
3160,3160,2011.03.15,5080.0,155.0,4960.0,5380.0,4900.0,417114.0
3161,3161,2011.03.16,5340.0,260.0,5160.0,5460.0,5150.0,490800.0
3162,3162,2011.03.17,5380.0,40.0,5200.0,5440.0,5200.0,176272.0
3163,3163,2011.03.18,5300.0,80.0,5420.0,5580.0,5300.0,228068.0
3164,3164,2011.03.21,5250.0,50.0,5300.0,5350.0,5150.0,174500.0
3165,3165,2011.03.22,5260.0,10.0,5250.0,5410.0,5190.0,107079.0
3166,3166,2011.03.23,5260.0,0.0,5280.0,5360.0,5150.0,91103.0
3167,3167,2011.03.24,5200.0,60.0,5340.0,5340.0,5180.0,122505.0
3168,3168,2011.03.25,5200.0,0.0,5270.0,5270.0,5160.0,75241.0
3169,3169,2011.03.28,5190.0,10.0,5160.0,5220.0,5100.0,123618.0
3170,3170,2011.03.29,5100.0,90.0,5200.0,5220.0,5050.0,127146.0
3171,3171,2011.03.30,5000.0,100.0,5130.0,5170.0,4940.0,195876.0
3172,3172,2011.03.31,5020.0,20.0,4960.0,5080.0,4950.0,55833.0
3173,3173,2011.04.01,5030.0,10.0,5050.0,5050.0,4975.0,76498.0
3174,3174,2011.04.04,5210.0,180.0,5080.0,5320.0,5040.0,115629.0
3175,3175,2011.04.05,5190.0,20.0,5270.0,5280.0,5120.0,64842.0
3176,3176,2011.04.06,5140.0,50.0,5190.0,5230.0,5000.0,162250.0
3177,3177,2011.04.07,5000.0,140.0,5140.0,5170.0,5000.0,71865.0
3178,3178,2011.04.08,5060.0,60.0,5000.0,5060.0,4950.0,81074.0
3179,3179,2011.04.11,4950.0,110.0,5020.0,5070.0,4930.0,77777.0
3180,3180,2011.04.12,4950.0,0.0,4950.0,4990.0,4890.0,49039.0
3181,3181,2011.04.13,4950.0,0.0,4950.0,5040.0,4910.0,33504.0
3182,3182,2011.04.14,4950.0,0.0,4955.0,5000.0,4910.0,67328.0
3183,3183,2011.04.15,5000.0,50.0,4910.0,5020.0,4905.0,47685.0
3184,3184,2011.04.18,5190.0,190.0,5030.0,5200.0,4980.0,134496.0
3185,3185,2011.04.19,5180.0,10.0,5130.0,5220.0,5120.0,102838.0
3186,3186,2011.04.20,5120.0,60.0,5190.0,5260.0,5010.0,105321.0
3187,3187,2011.04.21,5160.0,40.0,5190.0,5240.0,5070.0,107209.0
3188,3188,2011.04.22,5440.0,280.0,5220.0,5820.0,5200.0,973975.0
3189,3189,2011.04.25,6000.0,560.0,5550.0,6000.0,5510.0,911425.0
3190,3190,2011.04.26,6050.0,50.0,6210.0,6540.0,6000.0,2431791.0
3191,3191,2011.04.27,5900.0,150.0,6150.0,6150.0,5760.0,673233.0
3192,3192,2011.04.28,6000.0,100.0,5890.0,6250.0,5810.0,650275.0
3193,3193,2011.04.29,5750.0,250.0,5870.0,6000.0,5610.0,438082.0
3194,3194,2011.05.02,5700.0,50.0,5710.0,5890.0,5650.0,309870.0
3195,3195,2011.05.03,5510.0,190.0,5700.0,5700.0,5470.0,238361.0
3196,3196,2011.05.04,5630.0,120.0,5530.0,5680.0,5530.0,149034.0
3197,3197,2011.05.06,5550.0,80.0,5580.0,5670.0,5460.0,113955.0
3198,3198,2011.05.09,5620.0,70.0,5560.0,5730.0,5540.0,114618.0
3199,3199,2011.05.11,5550.0,70.0,5690.0,5740.0,5540.0,141908.0
3200,3200,2011.05.12,5410.0,140.0,5550.0,5600.0,5350.0,132871.0
3201,3201,2011.05.13,5420.0,10.0,5450.0,5500.0,5200.0,97914.0
3202,3202,2011.05.16,5400.0,20.0,5310.0,5440.0,5290.0,72162.0
3203,3203,2011.05.17,5340.0,60.0,5470.0,5470.0,5250.0,76555.0
3204,3204,2011.05.18,5270.0,70.0,5290.0,5390.0,5250.0,65428.0
3205,3205,2011.05.19,5320.0,50.0,5300.0,5580.0,5230.0,159719.0
3206,3206,2011.05.20,5340.0,20.0,5470.0,5470.0,5250.0,71573.0
3207,3207,2011.05.23,5150.0,190.0,5300.0,5320.0,5070.0,110849.0
3208,3208,2011.05.24,5090.0,60.0,4920.0,5220.0,4920.0,131564.0
3209,3209,2011.05.25,5090.0,0.0,5080.0,5190.0,5040.0,58273.0
3210,3210,2011.05.26,5190.0,100.0,5150.0,5240.0,5090.0,43870.0
3211,3211,2011.05.27,5190.0,0.0,5220.0,5260.0,5160.0,44366.0
3212,3212,2011.05.30,5190.0,0.0,5230.0,5290.0,5130.0,52728.0
3213,3213,2011.05.31,5160.0,30.0,5160.0,5230.0,5100.0,49091.0
3214,3214,2011.06.01,5160.0,0.0,5200.0,5240.0,5110.0,52834.0
3215,3215,2011.06.02,5100.0,60.0,5070.0,5190.0,5010.0,58502.0
3216,3216,2011.06.03,5100.0,0.0,5100.0,5140.0,5040.0,32532.0
3217,3217,2011.06.07,5200.0,100.0,5190.0,5250.0,5060.0,42016.0
3218,3218,2011.06.08,5190.0,10.0,5170.0,5310.0,5150.0,44372.0
3219,3219,2011.06.09,5110.0,80.0,5270.0,5270.0,5110.0,39550.0
3220,3220,2011.06.10,5000.0,110.0,5150.0,5170.0,4955.0,99785.0
3221,3221,2011.06.13,4905.0,95.0,4950.0,5010.0,4880.0,68679.0
3222,3222,2011.06.14,4955.0,50.0,4930.0,5020.0,4900.0,44749.0
3223,3223,2011.06.15,4995.0,40.0,5000.0,5000.0,4910.0,35698.0
3224,3224,2011.06.16,4990.0,5.0,4980.0,4990.0,4925.0,37000.0
3225,3225,2011.06.17,4895.0,95.0,4990.0,5100.0,4855.0,66267.0
3226,3226,2011.06.20,4920.0,25.0,4990.0,4995.0,4870.0,27959.0
3227,3227,2011.06.21,4920.0,0.0,4930.0,5000.0,4900.0,23473.0
3228,3228,2011.06.22,5050.0,130.0,5000.0,5050.0,4930.0,42282.0
3229,3229,2011.06.23,5040.0,10.0,5090.0,5090.0,4990.0,28119.0
3230,3230,2011.06.24,5070.0,30.0,5060.0,5070.0,4970.0,38225.0
3231,3231,2011.06.27,5030.0,40.0,5010.0,5070.0,4985.0,27527.0
3232,3232,2011.06.28,5000.0,30.0,5050.0,5060.0,4950.0,34508.0
3233,3233,2011.06.29,4945.0,55.0,5000.0,5060.0,4920.0,60208.0
3234,3234,2011.06.30,4960.0,15.0,4950.0,5000.0,4920.0,17309.0
3235,3235,2011.07.01,5080.0,120.0,4970.0,5090.0,4970.0,76103.0
3236,3236,2011.07.04,5110.0,30.0,5110.0,5160.0,5070.0,54341.0
3237,3237,2011.07.05,5030.0,80.0,5100.0,5140.0,4950.0,120571.0
3238,3238,2011.07.06,5000.0,30.0,5040.0,5050.0,4900.0,91216.0
3239,3239,2011.07.07,5000.0,0.0,5080.0,5080.0,4960.0,35272.0
3240,3240,2011.07.08,5050.0,50.0,4990.0,5080.0,4980.0,34265.0
3241,3241,2011.07.11,4990.0,60.0,5070.0,5070.0,4945.0,51994.0
3242,3242,2011.07.12,4950.0,40.0,4965.0,4990.0,4880.0,95069.0
3243,3243,2011.07.13,4965.0,15.0,4900.0,5000.0,4900.0,47689.0
3244,3244,2011.07.14,5100.0,135.0,5000.0,5150.0,4950.0,75461.0
3245,3245,2011.07.15,5200.0,100.0,5100.0,5230.0,5060.0,107520.0
3246,3246,2011.07.18,5390.0,190.0,5300.0,5490.0,5230.0,103176.0
3247,3247,2011.07.19,5300.0,90.0,5380.0,5450.0,5240.0,77710.0
3248,3248,2011.07.20,5590.0,290.0,5350.0,5650.0,5340.0,175268.0
3249,3249,2011.07.21,5490.0,100.0,5550.0,5710.0,5490.0,82862.0
3250,3250,2011.07.22,5750.0,260.0,5420.0,5810.0,5420.0,216671.0
3251,3251,2011.07.25,5780.0,30.0,5750.0,5810.0,5670.0,142138.0
3252,3252,2011.07.26,5660.0,120.0,5850.0,5940.0,5600.0,234830.0
3253,3253,2011.07.27,5720.0,60.0,5720.0,5900.0,5670.0,182702.0
3254,3254,2011.07.28,5960.0,240.0,5700.0,6110.0,5650.0,403909.0
3255,3255,2011.07.29,6150.0,190.0,6100.0,6260.0,6000.0,530837.0
3256,3256,2011.08.01,6080.0,70.0,6230.0,6250.0,6070.0,192092.0
3257,3257,2011.08.02,5930.0,150.0,6130.0,6130.0,5870.0,248298.0
3258,3258,2011.08.03,6150.0,220.0,5800.0,6180.0,5720.0,254184.0
3259,3259,2011.08.04,5940.0,210.0,6120.0,6390.0,5840.0,286509.0
3260,3260,2011.08.05,5650.0,290.0,5550.0,5900.0,5550.0,343255.0
3261,3261,2011.08.08,5570.0,80.0,5570.0,5730.0,5040.0,330866.0
3262,3262,2011.08.09,5500.0,70.0,5460.0,5600.0,4900.0,282318.0
3263,3263,2011.08.10,6120.0,620.0,5680.0,6310.0,5570.0,698900.0
3264,3264,2011.08.11,6490.0,370.0,5870.0,6580.0,5700.0,962952.0
3265,3265,2011.08.12,6400.0,90.0,6700.0,6850.0,6200.0,946203.0
3266,3266,2011.08.16,6700.0,300.0,6550.0,6870.0,6450.0,798908.0
3267,3267,2011.08.17,6670.0,30.0,6700.0,6900.0,6580.0,426767.0
3268,3268,2011.08.18,7670.0,1000.0,6890.0,7670.0,6850.0,3678159.0
3269,3269,2011.08.19,7800.0,130.0,7830.0,8780.0,7510.0,7146459.0
3270,3270,2011.08.22,6700.0,1100.0,7870.0,7940.0,6630.0,3516220.0
3271,3271,2011.08.23,7700.0,1000.0,7060.0,7700.0,6760.0,2654180.0
3272,3272,2011.08.24,7300.0,400.0,8230.0,8450.0,7160.0,6874937.0
3273,3273,2011.08.25,6960.0,340.0,7410.0,7760.0,6910.0,3397494.0
3274,3274,2011.08.26,6960.0,0.0,7050.0,7280.0,6710.0,1727445.0
3275,3275,2011.08.29,7350.0,390.0,7100.0,7550.0,6980.0,1456288.0
3276,3276,2011.08.30,7510.0,160.0,7390.0,7740.0,7240.0,1520386.0
3277,3277,2011.08.31,7400.0,110.0,7600.0,7710.0,7360.0,654280.0
3278,3278,2011.09.01,7400.0,0.0,7420.0,7630.0,7130.0,967254.0
3279,3279,2011.09.02,7660.0,260.0,7890.0,8290.0,7560.0,4712894.0
3280,3280,2011.09.05,7750.0,90.0,8450.0,8540.0,7660.0,3726308.0
3281,3281,2011.09.06,6900.0,850.0,7450.0,7510.0,6760.0,2372281.0
3282,3282,2011.09.07,7000.0,100.0,7060.0,7140.0,6880.0,821476.0
3283,3283,2011.09.08,7190.0,190.0,7180.0,7210.0,6400.0,1134662.0
3284,3284,2011.09.09,7100.0,90.0,7070.0,7240.0,6870.0,436668.0
3285,3285,2011.09.14,6700.0,400.0,7010.0,7080.0,6550.0,546407.0
3286,3286,2011.09.15,6750.0,50.0,6870.0,6950.0,6490.0,616510.0
3287,3287,2011.09.16,7020.0,270.0,7010.0,7160.0,6860.0,609323.0
3288,3288,2011.09.19,6950.0,70.0,6990.0,7010.0,6800.0,383283.0
3289,3289,2011.09.20,7000.0,50.0,6800.0,7210.0,6710.0,635631.0
3290,3290,2011.09.21,6960.0,40.0,6990.0,7110.0,6890.0,412881.0
3291,3291,2011.09.22,6800.0,160.0,6790.0,7000.0,6740.0,379751.0
3292,3292,2011.09.23,6240.0,560.0,6480.0,6620.0,6140.0,581955.0
3293,3293,2011.09.26,5690.0,550.0,6320.0,6500.0,5440.0,711166.0
3294,3294,2011.09.27,6120.0,430.0,5900.0,6150.0,5690.0,414280.0
3295,3295,2011.09.28,6250.0,130.0,6210.0,6450.0,6090.0,452939.0
3296,3296,2011.09.29,6410.0,160.0,6080.0,6780.0,6080.0,798018.0
3297,3297,2011.09.30,6260.0,150.0,6500.0,6560.0,6250.0,336957.0
3298,3298,2011.10.04,6120.0,140.0,5810.0,6140.0,5750.0,293528.0
3299,3299,2011.10.05,6080.0,40.0,6150.0,6320.0,5850.0,321850.0
3300,3300,2011.10.06,6200.0,120.0,6130.0,6320.0,6130.0,318873.0
3301,3301,2011.10.07,6600.0,400.0,6270.0,6740.0,6260.0,510636.0
3302,3302,2011.10.10,7100.0,500.0,6990.0,7380.0,6910.0,920893.0
3303,3303,2011.10.11,7000.0,100.0,7250.0,7250.0,6920.0,513716.0
3304,3304,2011.10.12,7200.0,200.0,7000.0,7270.0,6810.0,509141.0
3305,3305,2011.10.13,7060.0,140.0,7290.0,7300.0,6970.0,456869.0
3306,3306,2011.10.14,7100.0,40.0,7060.0,7250.0,6870.0,435661.0
3307,3307,2011.10.17,7600.0,500.0,7210.0,7720.0,7140.0,691195.0
3308,3308,2011.10.18,7600.0,0.0,7450.0,7950.0,7400.0,1087445.0
3309,3309,2011.10.19,7600.0,0.0,7690.0,7690.0,7470.0,374192.0
3310,3310,2011.10.20,7100.0,500.0,7670.0,7830.0,7100.0,444709.0
3311,3311,2011.10.21,7800.0,700.0,7250.0,7800.0,7140.0,593201.0
3312,3312,2011.10.24,7980.0,180.0,8030.0,8250.0,7780.0,787267.0
3313,3313,2011.10.25,7900.0,80.0,8000.0,8250.0,7790.0,434929.0
3314,3314,2011.10.26,8140.0,240.0,7810.0,8250.0,7790.0,469398.0
3315,3315,2011.10.27,8160.0,20.0,8250.0,8410.0,8050.0,481190.0
3316,3316,2011.10.28,8350.0,190.0,8450.0,8550.0,8060.0,639621.0
3317,3317,2011.10.31,8200.0,150.0,8350.0,8350.0,8080.0,254554.0
3318,3318,2011.11.01,8250.0,50.0,8010.0,8270.0,7950.0,219932.0
3319,3319,2011.11.02,8260.0,10.0,8300.0,8480.0,8010.0,488704.0
3320,3320,2011.11.03,8000.0,260.0,8380.0,8400.0,7850.0,400544.0
3321,3321,2011.11.04,8160.0,160.0,8120.0,8240.0,7950.0,330012.0
3322,3322,2011.11.07,8250.0,90.0,8170.0,8320.0,8080.0,246623.0
3323,3323,2011.11.08,8350.0,100.0,8260.0,8510.0,8150.0,592872.0
3324,3324,2011.11.09,8100.0,250.0,8400.0,8500.0,8050.0,388727.0
3325,3325,2011.11.10,7670.0,430.0,7820.0,7850.0,7410.0,443014.0
3326,3326,2011.11.11,7780.0,110.0,7800.0,7870.0,7610.0,240288.0
3327,3327,2011.11.14,8040.0,260.0,7780.0,8140.0,7780.0,209583.0
3328,3328,2011.11.15,8100.0,60.0,8060.0,8270.0,7950.0,216400.0
3329,3329,2011.11.16,7970.0,130.0,8260.0,8260.0,7850.0,158012.0
3330,3330,2011.11.17,7980.0,10.0,7980.0,8040.0,7710.0,173036.0
3331,3331,2011.11.18,7800.0,180.0,7950.0,7950.0,7700.0,137354.0
3332,3332,2011.11.21,7700.0,100.0,7740.0,7830.0,7660.0,107696.0
3333,3333,2011.11.22,7670.0,30.0,7560.0,7730.0,7560.0,98410.0
3334,3334,2011.11.23,7320.0,350.0,7740.0,7740.0,7250.0,268196.0
3335,3335,2011.11.24,7400.0,80.0,7320.0,7600.0,7250.0,110026.0
3336,3336,2011.11.25,7400.0,0.0,7300.0,7570.0,7100.0,95206.0
3337,3337,2011.11.28,7990.0,590.0,7410.0,8010.0,7330.0,341771.0
3338,3338,2011.11.29,8130.0,140.0,8100.0,8220.0,7960.0,259710.0
3339,3339,2011.11.30,8280.0,150.0,8250.0,8500.0,8130.0,423536.0
3340,3340,2011.12.01,8260.0,20.0,8400.0,8570.0,8150.0,267357.0
3341,3341,2011.12.02,9020.0,760.0,8360.0,9400.0,8200.0,1367462.0
3342,3342,2011.12.05,9270.0,250.0,9200.0,9550.0,9020.0,764849.0
3343,3343,2011.12.06,9420.0,150.0,9270.0,9420.0,8990.0,417859.0
3344,3344,2011.12.07,9380.0,40.0,9310.0,9740.0,9310.0,524433.0
3345,3345,2011.12.08,9380.0,0.0,0.0,0.0,0.0,0.0
3346,3346,2011.12.09,9380.0,0.0,0.0,0.0,0.0,0.0
3347,3347,2011.12.12,9380.0,0.0,0.0,0.0,0.0,0.0
3348,3348,2011.12.13,9380.0,0.0,0.0,0.0,0.0,0.0
3349,3349,2011.12.14,9380.0,0.0,0.0,0.0,0.0,0.0
3350,3350,2011.12.15,9380.0,0.0,0.0,0.0,0.0,0.0
3351,3351,2011.12.16,9380.0,0.0,0.0,0.0,0.0,0.0
3352,3352,2011.12.19,9380.0,0.0,0.0,0.0,0.0,0.0
3353,3353,2011.12.20,9380.0,0.0,0.0,0.0,0.0,0.0
3354,3354,2011.12.21,9380.0,0.0,0.0,0.0,0.0,0.0
3355,3355,2011.12.22,9380.0,0.0,0.0,0.0,0.0,0.0
3356,3356,2011.12.23,10400.0,1020.0,9450.0,10750.0,9380.0,3255204.0
3357,3357,2011.12.26,10200.0,200.0,10250.0,10450.0,9800.0,893592.0
3358,3358,2011.12.27,10500.0,300.0,10000.0,11200.0,9950.0,1682934.0
3359,3359,2011.12.28,12050.0,1550.0,10700.0,12050.0,10700.0,2838494.0
3360,3360,2011.12.29,12150.0,100.0,12350.0,13300.0,12050.0,3212250.0
3361,3361,2012.01.02,12650.0,500.0,12600.0,12800.0,12050.0,1438134.0
3362,3362,2012.01.03,12450.0,200.0,12600.0,13100.0,12300.0,1366114.0
3363,3363,2012.01.04,13000.0,550.0,12300.0,13050.0,12100.0,1365752.0
3364,3364,2012.01.05,13800.0,800.0,13250.0,14700.0,12700.0,3020283.0
3365,3365,2012.01.06,13100.0,700.0,13850.0,14700.0,13000.0,1413698.0
3366,3366,2012.01.09,13950.0,850.0,13000.0,14300.0,12500.0,1200155.0
3367,3367,2012.01.10,14400.0,450.0,13850.0,14700.0,13700.0,1302036.0
3368,3368,2012.01.11,14000.0,400.0,14500.0,15200.0,13900.0,1100036.0
3369,3369,2012.01.12,14950.0,950.0,14300.0,14950.0,13950.0,960745.0
3370,3370,2012.01.13,14550.0,400.0,14900.0,15150.0,14450.0,524315.0
3371,3371,2012.01.16,14550.0,0.0,14350.0,14700.0,13950.0,515943.0
3372,3372,2012.01.17,14000.0,550.0,14750.0,14800.0,13600.0,818150.0
3373,3373,2012.01.18,14200.0,200.0,14150.0,14900.0,13800.0,933595.0
3374,3374,2012.01.19,14300.0,100.0,14300.0,14350.0,13850.0,504949.0
3375,3375,2012.01.20,13800.0,500.0,14350.0,14450.0,13500.0,649117.0
3376,3376,2012.01.25,13800.0,0.0,13800.0,14100.0,13550.0,463214.0
3377,3377,2012.01.26,13850.0,50.0,13800.0,14050.0,13650.0,241852.0
3378,3378,2012.01.27,14350.0,500.0,13900.0,14700.0,13800.0,688266.0
3379,3379,2012.01.30,14200.0,150.0,14350.0,14450.0,13850.0,328067.0
3380,3380,2012.01.31,14650.0,450.0,14200.0,14750.0,13950.0,437155.0
3381,3381,2012.02.01,14900.0,250.0,14700.0,15450.0,14500.0,684416.0
3382,3382,2012.02.02,14450.0,450.0,14850.0,14950.0,14150.0,520796.0
3383,3383,2012.02.03,14150.0,300.0,14400.0,14550.0,14100.0,177068.0
3384,3384,2012.02.06,13550.0,600.0,13950.0,14000.0,13400.0,570478.0
3385,3385,2012.02.07,13700.0,150.0,14000.0,14350.0,13400.0,696308.0
3386,3386,2012.02.08,13850.0,150.0,13850.0,14050.0,13650.0,298227.0
3387,3387,2012.02.09,13850.0,0.0,13900.0,14000.0,13400.0,230528.0
3388,3388,2012.02.10,13550.0,300.0,13750.0,13900.0,13500.0,196761.0
3389,3389,2012.02.13,13000.0,550.0,13600.0,13600.0,12850.0,446869.0
3390,3390,2012.02.14,13000.0,0.0,12900.0,13200.0,12800.0,324240.0
3391,3391,2012.02.15,13400.0,400.0,13100.0,13500.0,12850.0,282932.0
3392,3392,2012.02.16,13550.0,150.0,13400.0,14000.0,13400.0,387323.0
3393,3393,2012.02.17,13600.0,50.0,13700.0,13750.0,13250.0,247732.0
3394,3394,2012.02.20,13350.0,250.0,13800.0,13800.0,13000.0,458707.0
3395,3395,2012.02.21,13300.0,50.0,13350.0,13450.0,13100.0,229584.0
3396,3396,2012.02.22,13350.0,50.0,13300.0,13400.0,13100.0,240380.0
3397,3397,2012.02.23,13950.0,600.0,13200.0,14200.0,13200.0,474407.0
3398,3398,2012.02.24,15100.0,1150.0,13900.0,15250.0,13900.0,971231.0
3399,3399,2012.02.27,14950.0,150.0,15250.0,15750.0,14900.0,506032.0
3400,3400,2012.02.28,15150.0,200.0,15000.0,15250.0,14550.0,271383.0
3401,3401,2012.02.29,15550.0,400.0,15150.0,15800.0,14900.0,395935.0
3402,3402,2012.03.02,15400.0,150.0,15650.0,15700.0,15050.0,229937.0
3403,3403,2012.03.05,14800.0,600.0,15100.0,16000.0,14450.0,753198.0
3404,3404,2012.03.06,14700.0,100.0,15000.0,15100.0,14250.0,408301.0
3405,3405,2012.03.07,14600.0,100.0,14300.0,14750.0,14100.0,179790.0
3406,3406,2012.03.08,14600.0,0.0,14800.0,14950.0,14400.0,252448.0
3407,3407,2012.03.09,14450.0,150.0,14750.0,14750.0,14350.0,146588.0
3408,3408,2012.03.12,14850.0,400.0,14350.0,15000.0,14350.0,227618.0
3409,3409,2012.03.13,14800.0,50.0,15000.0,15250.0,14700.0,214073.0
3410,3410,2012.03.14,14850.0,50.0,15000.0,15000.0,14600.0,165108.0
3411,3411,2012.03.15,14700.0,150.0,14850.0,15200.0,14650.0,168122.0
3412,3412,2012.03.16,14500.0,200.0,14850.0,14850.0,14100.0,229675.0
3413,3413,2012.03.19,14050.0,450.0,14850.0,14900.0,13800.0,266173.0
3414,3414,2012.03.20,14350.0,300.0,14000.0,14350.0,13900.0,110381.0
3415,3415,2012.03.21,14100.0,250.0,14250.0,14550.0,13850.0,219264.0
3416,3416,2012.03.22,13300.0,800.0,14150.0,14150.0,13150.0,572459.0
3417,3417,2012.03.23,13200.0,100.0,13150.0,13450.0,13150.0,174393.0
3418,3418,2012.03.26,13100.0,100.0,13200.0,13300.0,12850.0,223614.0
3419,3419,2012.03.27,12900.0,200.0,13150.0,13200.0,12800.0,235897.0
3420,3420,2012.03.28,13100.0,200.0,13000.0,13900.0,12950.0,486513.0
3421,3421,2012.03.29,12750.0,350.0,13200.0,13300.0,12350.0,243977.0
3422,3422,2012.03.30,12700.0,50.0,12700.0,12900.0,12450.0,156252.0
3423,3423,2012.04.02,12800.0,100.0,12850.0,13100.0,12700.0,92984.0
3424,3424,2012.04.03,12850.0,50.0,12500.0,13100.0,12500.0,124165.0
3425,3425,2012.04.04,12150.0,700.0,12950.0,12950.0,11850.0,364256.0
3426,3426,2012.04.05,12000.0,150.0,11850.0,12100.0,11600.0,372177.0
3427,3427,2012.04.06,12150.0,150.0,12050.0,12150.0,11850.0,223229.0
3428,3428,2012.04.09,12150.0,0.0,12150.0,12450.0,12050.0,140082.0
3429,3429,2012.04.10,12700.0,550.0,12450.0,12950.0,12450.0,281590.0
3430,3430,2012.04.12,12700.0,0.0,13150.0,13150.0,12500.0,190462.0
3431,3431,2012.04.13,13000.0,300.0,12650.0,13150.0,12650.0,156270.0
3432,3432,2012.04.16,13000.0,0.0,13000.0,13250.0,12850.0,112295.0
3433,3433,2012.04.17,13100.0,100.0,13000.0,13100.0,12850.0,91315.0
3434,3434,2012.04.18,13100.0,0.0,13450.0,13450.0,13050.0,115148.0
3435,3435,2012.04.19,13700.0,600.0,13100.0,13800.0,13100.0,303410.0
3436,3436,2012.04.20,13650.0,50.0,13550.0,13850.0,13450.0,89984.0
3437,3437,2012.04.23,13650.0,0.0,13750.0,14000.0,13450.0,196739.0
3438,3438,2012.04.24,13300.0,350.0,13400.0,13550.0,13100.0,139391.0
3439,3439,2012.04.25,13000.0,300.0,13250.0,13400.0,12900.0,140353.0
3440,3440,2012.04.26,13000.0,0.0,13100.0,13200.0,12750.0,191332.0
3441,3441,2012.04.27,13100.0,100.0,13100.0,13200.0,12750.0,118991.0
3442,3442,2012.04.30,13350.0,250.0,13250.0,13400.0,12800.0,174425.0
3443,3443,2012.05.02,13400.0,50.0,13450.0,13500.0,12950.0,205104.0
3444,3444,2012.05.03,14150.0,750.0,13550.0,14200.0,13550.0,562749.0
3445,3445,2012.05.04,14250.0,100.0,14150.0,14300.0,13850.0,232275.0
3446,3446,2012.05.07,13800.0,450.0,13950.0,14150.0,13650.0,218999.0
3447,3447,2012.05.08,13850.0,50.0,13800.0,14050.0,13750.0,159905.0
3448,3448,2012.05.09,13300.0,550.0,13750.0,13950.0,13300.0,164331.0
3449,3449,2012.05.10,13550.0,250.0,13200.0,13600.0,13050.0,103919.0
3450,3450,2012.05.11,13300.0,250.0,13600.0,13600.0,13000.0,133195.0
3451,3451,2012.05.14,12350.0,950.0,13200.0,13300.0,12150.0,329922.0
3452,3452,2012.05.15,12200.0,150.0,12100.0,12250.0,11700.0,178349.0
3453,3453,2012.05.16,11300.0,900.0,12050.0,12500.0,11100.0,329656.0
3454,3454,2012.05.17,11700.0,400.0,11400.0,11900.0,11000.0,257317.0
3455,3455,2012.05.18,10800.0,900.0,11250.0,11500.0,10550.0,236937.0
3456,3456,2012.05.21,10750.0,50.0,11000.0,11000.0,10500.0,152683.0
3457,3457,2012.05.22,11250.0,500.0,10900.0,11350.0,10700.0,245988.0
3458,3458,2012.05.23,11000.0,250.0,11250.0,11250.0,10900.0,78021.0
3459,3459,2012.05.24,10900.0,100.0,11150.0,11250.0,10600.0,100026.0
3460,3460,2012.05.25,10900.0,0.0,11150.0,11200.0,10750.0,88292.0
3461,3461,2012.05.29,11300.0,400.0,11000.0,11500.0,10600.0,163762.0
3462,3462,2012.05.30,11400.0,100.0,11450.0,11600.0,11150.0,109167.0
3463,3463,2012.05.31,11850.0,450.0,12250.0,12500.0,11650.0,651071.0
3464,3464,2012.06.01,11750.0,100.0,11900.0,11950.0,11550.0,127546.0
3465,3465,2012.06.04,10750.0,1000.0,11150.0,11350.0,10000.0,252207.0
3466,3466,2012.06.05,10900.0,150.0,10900.0,11000.0,10700.0,123799.0
3467,3467,2012.06.07,11050.0,150.0,11150.0,11300.0,10900.0,130496.0
3468,3468,2012.06.08,11150.0,100.0,11200.0,11200.0,10950.0,61673.0
3469,3469,2012.06.11,11150.0,0.0,11250.0,11300.0,10950.0,132879.0
3470,3470,2012.06.12,11200.0,50.0,10900.0,11200.0,10850.0,125386.0
3471,3471,2012.06.13,11100.0,100.0,11350.0,11400.0,10850.0,128235.0
3472,3472,2012.06.14,11000.0,100.0,11000.0,11100.0,10850.0,127808.0
3473,3473,2012.06.15,11000.0,0.0,11300.0,11750.0,10950.0,389075.0
3474,3474,2012.06.18,11000.0,0.0,11200.0,11300.0,10850.0,178803.0
3475,3475,2012.06.19,10800.0,200.0,10950.0,11050.0,10650.0,190483.0
3476,3476,2012.06.20,10950.0,150.0,10950.0,11050.0,10750.0,161367.0
3477,3477,2012.06.21,11000.0,50.0,10950.0,11450.0,10900.0,301003.0
3478,3478,2012.06.22,10700.0,300.0,10800.0,10900.0,10500.0,220299.0
3479,3479,2012.06.25,10850.0,150.0,10750.0,10850.0,10550.0,76121.0
3480,3480,2012.06.26,10950.0,100.0,10900.0,11100.0,10850.0,134308.0
3481,3481,2012.06.27,10850.0,100.0,11000.0,11100.0,10750.0,100292.0
3482,3482,2012.06.28,10750.0,100.0,10950.0,11000.0,10500.0,194145.0
3483,3483,2012.06.29,10950.0,200.0,10750.0,10950.0,10600.0,96956.0
3484,3484,2012.07.02,10900.0,50.0,10950.0,11100.0,10850.0,133228.0
3485,3485,2012.07.03,11000.0,100.0,11000.0,11050.0,10800.0,138586.0
3486,3486,2012.07.04,11300.0,300.0,11050.0,11550.0,11050.0,307318.0
3487,3487,2012.07.05,11250.0,50.0,11300.0,11350.0,11100.0,93991.0
3488,3488,2012.07.06,10900.0,350.0,11350.0,11350.0,10900.0,119291.0
3489,3489,2012.07.09,10900.0,0.0,10750.0,10950.0,10650.0,143044.0
3490,3490,2012.07.10,10900.0,0.0,11100.0,11300.0,10850.0,175896.0
3491,3491,2012.07.11,11050.0,150.0,11000.0,11150.0,10900.0,97597.0
3492,3492,2012.07.12,11100.0,50.0,11100.0,11550.0,11100.0,300308.0
3493,3493,2012.07.13,11000.0,100.0,11100.0,11150.0,10500.0,229071.0
3494,3494,2012.07.16,10800.0,200.0,11050.0,11150.0,10800.0,122592.0
3495,3495,2012.07.17,10850.0,50.0,10750.0,10950.0,10650.0,100214.0
3496,3496,2012.07.18,10600.0,250.0,10900.0,10900.0,10450.0,138371.0
3497,3497,2012.07.19,10600.0,0.0,10650.0,10750.0,10350.0,166009.0
3498,3498,2012.07.20,10400.0,200.0,10550.0,10650.0,10300.0,171889.0
3499,3499,2012.07.23,9930.0,470.0,10200.0,10250.0,9890.0,237030.0
3500,3500,2012.07.24,9730.0,200.0,9750.0,9990.0,9500.0,193431.0
3501,3501,2012.07.25,9550.0,180.0,9540.0,9680.0,9430.0,122780.0
3502,3502,2012.07.26,9670.0,120.0,9570.0,9770.0,9500.0,98613.0
3503,3503,2012.07.27,9850.0,180.0,9740.0,10000.0,9740.0,103583.0
3504,3504,2012.07.30,10050.0,200.0,9970.0,10300.0,9930.0,102904.0
3505,3505,2012.07.31,10800.0,750.0,10100.0,11000.0,10100.0,621179.0
3506,3506,2012.08.01,10850.0,50.0,10750.0,10850.0,10550.0,189713.0
3507,3507,2012.08.02,10550.0,300.0,10850.0,10900.0,10550.0,89591.0
3508,3508,2012.08.03,10700.0,150.0,10350.0,10700.0,10300.0,95255.0
3509,3509,2012.08.06,11150.0,450.0,10750.0,11200.0,10750.0,219890.0
3510,3510,2012.08.07,11150.0,0.0,11250.0,11250.0,11000.0,154159.0
3511,3511,2012.08.08,11100.0,50.0,11150.0,11300.0,11100.0,161382.0
3512,3512,2012.08.09,11450.0,350.0,11200.0,11550.0,11000.0,239636.0
3513,3513,2012.08.10,12100.0,650.0,11550.0,12200.0,11400.0,544954.0
3514,3514,2012.08.13,12250.0,150.0,12300.0,12700.0,12250.0,400443.0
3515,3515,2012.08.14,12300.0,50.0,12500.0,12500.0,12100.0,169226.0
3516,3516,2012.08.16,12200.0,100.0,12350.0,12450.0,12000.0,144825.0
3517,3517,2012.08.17,12600.0,400.0,12300.0,12800.0,11850.0,436000.0
3518,3518,2012.08.20,13300.0,700.0,12900.0,13400.0,12750.0,524214.0
3519,3519,2012.08.21,13200.0,100.0,13450.0,13750.0,13200.0,413046.0
3520,3520,2012.08.22,13450.0,250.0,13100.0,13450.0,12950.0,274966.0
3521,3521,2012.08.23,13500.0,50.0,13500.0,13600.0,13200.0,241373.0
3522,3522,2012.08.24,13350.0,150.0,13250.0,13400.0,13000.0,256760.0
3523,3523,2012.08.27,13150.0,200.0,13250.0,13400.0,12850.0,379215.0
3524,3524,2012.08.28,13450.0,300.0,13050.0,13450.0,12900.0,260828.0
3525,3525,2012.08.29,13300.0,150.0,13500.0,13500.0,13200.0,163863.0
3526,3526,2012.08.30,13000.0,300.0,13200.0,13400.0,12900.0,177305.0
3527,3527,2012.08.31,13150.0,150.0,12850.0,13150.0,12850.0,196181.0
3528,3528,2012.09.03,13050.0,100.0,13250.0,13250.0,12900.0,192220.0
3529,3529,2012.09.04,13300.0,250.0,13150.0,13700.0,12900.0,444850.0
3530,3530,2012.09.05,12700.0,600.0,13350.0,13350.0,12700.0,319219.0
3531,3531,2012.09.06,13950.0,1250.0,12850.0,14150.0,12750.0,952931.0
3532,3532,2012.09.07,14050.0,100.0,14000.0,14300.0,13700.0,540945.0
3533,3533,2012.09.10,14850.0,800.0,14100.0,15000.0,13800.0,775326.0
3534,3534,2012.09.11,14800.0,50.0,14750.0,14950.0,14550.0,211437.0
3535,3535,2012.09.12,15350.0,550.0,14900.0,15500.0,14700.0,419124.0
3536,3536,2012.09.13,15350.0,0.0,15500.0,15650.0,15050.0,240084.0
3537,3537,2012.09.14,15350.0,0.0,15450.0,15650.0,15100.0,267525.0
3538,3538,2012.09.17,14400.0,950.0,15350.0,15400.0,14200.0,605086.0
3539,3539,2012.09.18,14750.0,350.0,14500.0,14950.0,14400.0,339412.0
3540,3540,2012.09.19,15050.0,300.0,14600.0,15250.0,14550.0,286680.0
3541,3541,2012.09.20,15200.0,150.0,15200.0,15250.0,14750.0,209066.0
3542,3542,2012.09.21,15200.0,0.0,15050.0,15200.0,14750.0,172604.0
3543,3543,2012.09.24,15100.0,100.0,15000.0,15250.0,14850.0,200010.0
3544,3544,2012.09.25,14600.0,500.0,15100.0,15200.0,14500.0,213934.0
3545,3545,2012.09.26,14800.0,200.0,14300.0,15100.0,14300.0,208863.0
3546,3546,2012.09.27,14500.0,300.0,14550.0,14900.0,14150.0,270789.0
3547,3547,2012.09.28,15000.0,500.0,14400.0,15200.0,14350.0,290045.0
3548,3548,2012.10.02,15900.0,900.0,15100.0,16150.0,15050.0,618943.0
3549,3549,2012.10.04,16000.0,100.0,16100.0,16300.0,15750.0,352919.0
3550,3550,2012.10.05,16450.0,450.0,16000.0,16700.0,15950.0,512071.0
3551,3551,2012.10.08,16500.0,50.0,16650.0,16900.0,16250.0,485161.0
3552,3552,2012.10.09,16500.0,0.0,16350.0,16950.0,16300.0,293879.0
3553,3553,2012.10.10,17000.0,500.0,16300.0,17400.0,16300.0,792312.0
3554,3554,2012.10.11,17650.0,650.0,17000.0,17900.0,16900.0,649973.0
3555,3555,2012.10.12,17800.0,150.0,17650.0,17950.0,17300.0,330926.0
3556,3556,2012.10.15,17850.0,50.0,17900.0,18300.0,17000.0,563353.0
3557,3557,2012.10.16,17700.0,150.0,18000.0,18000.0,17000.0,274928.0
3558,3558,2012.10.17,17100.0,600.0,17700.0,17800.0,16850.0,495013.0
3559,3559,2012.10.18,17500.0,400.0,16900.0,17500.0,16350.0,604744.0
3560,3560,2012.10.19,18600.0,1100.0,17300.0,18600.0,17300.0,645707.0
3561,3561,2012.10.22,19300.0,700.0,18650.0,19300.0,18350.0,539486.0
3562,3562,2012.10.23,18750.0,550.0,19300.0,19350.0,18550.0,390743.0
3563,3563,2012.10.24,19850.0,1100.0,18500.0,19850.0,18350.0,727493.0
3564,3564,2012.10.25,19700.0,150.0,19900.0,20050.0,19300.0,375605.0
3565,3565,2012.10.26,19000.0,700.0,19850.0,20150.0,18800.0,336678.0
3566,3566,2012.10.29,19000.0,0.0,18700.0,19150.0,18250.0,699819.0
3567,3567,2012.10.30,20200.0,1200.0,19200.0,20200.0,18900.0,586378.0
3568,3568,2012.10.31,20100.0,100.0,20450.0,20700.0,20000.0,455975.0
3569,3569,2012.11.01,20150.0,50.0,20150.0,20400.0,19650.0,247089.0
3570,3570,2012.11.02,20100.0,50.0,20350.0,20550.0,19950.0,336046.0
3571,3571,2012.11.05,20300.0,200.0,20050.0,20800.0,19950.0,376565.0
3572,3572,2012.11.06,20300.0,0.0,20250.0,20800.0,20150.0,295229.0
3573,3573,2012.11.07,20450.0,150.0,20400.0,20450.0,19700.0,269881.0
3574,3574,2012.11.08,20900.0,450.0,20050.0,20900.0,20000.0,295117.0
3575,3575,2012.11.09,21000.0,100.0,20750.0,21150.0,20500.0,219185.0
3576,3576,2012.11.12,20350.0,650.0,20950.0,21050.0,20350.0,270236.0
3577,3577,2012.11.13,20400.0,50.0,20350.0,20650.0,19900.0,210070.0
3578,3578,2012.11.14,20200.0,200.0,20250.0,20800.0,19900.0,531538.0
3579,3579,2012.11.15,18600.0,1600.0,19800.0,19950.0,17850.0,950836.0
3580,3580,2012.11.16,18000.0,600.0,18700.0,19150.0,17150.0,681053.0
3581,3581,2012.11.19,18700.0,700.0,18300.0,18850.0,18150.0,304977.0
3582,3582,2012.11.20,18800.0,100.0,19000.0,19150.0,18350.0,252605.0
3583,3583,2012.11.21,18800.0,0.0,18800.0,19450.0,18700.0,252773.0
3584,3584,2012.11.22,19100.0,300.0,19000.0,19300.0,18800.0,190224.0
3585,3585,2012.11.23,19100.0,0.0,18900.0,19250.0,18650.0,152841.0
3586,3586,2012.11.26,19050.0,50.0,18900.0,19300.0,18600.0,183750.0
3587,3587,2012.11.27,18700.0,350.0,19150.0,19800.0,18200.0,481670.0
3588,3588,2012.11.28,18650.0,50.0,18700.0,18700.0,18100.0,178315.0
3589,3589,2012.11.29,19000.0,350.0,18750.0,19000.0,18450.0,196410.0
3590,3590,2012.11.30,19250.0,250.0,19150.0,19500.0,19050.0,182465.0
3591,3591,2012.12.03,20450.0,1200.0,19250.0,20550.0,19200.0,549337.0
3592,3592,2012.12.04,20650.0,200.0,20450.0,20650.0,20200.0,233621.0
3593,3593,2012.12.05,20050.0,600.0,20600.0,20800.0,19850.0,370982.0
3594,3594,2012.12.06,19850.0,200.0,19950.0,20450.0,19550.0,248578.0
3595,3595,2012.12.07,18900.0,950.0,20100.0,20200.0,17350.0,900070.0
3596,3596,2012.12.10,18800.0,100.0,18850.0,19000.0,18250.0,150935.0
3597,3597,2012.12.11,18250.0,550.0,18750.0,19050.0,18250.0,176856.0
3598,3598,2012.12.12,18450.0,200.0,18250.0,18600.0,17850.0,233824.0
3599,3599,2012.12.13,18500.0,50.0,18400.0,18900.0,17800.0,227621.0
3600,3600,2012.12.14,18800.0,300.0,18300.0,18800.0,18000.0,148538.0
3601,3601,2012.12.17,18800.0,0.0,18800.0,19400.0,18550.0,219865.0
3602,3602,2012.12.18,19000.0,200.0,18900.0,19150.0,18300.0,230083.0
3603,3603,2012.12.20,19350.0,350.0,18800.0,19500.0,18800.0,206505.0
3604,3604,2012.12.21,19950.0,600.0,19400.0,20000.0,19050.0,402731.0
3605,3605,2012.12.24,20200.0,250.0,19950.0,20250.0,19800.0,290387.0
3606,3606,2012.12.26,20900.0,700.0,20100.0,21100.0,20050.0,1655637.0
3607,3607,2012.12.27,21150.0,250.0,20950.0,21850.0,20650.0,1176379.0
3608,3608,2012.12.28,21100.0,50.0,21000.0,21900.0,20650.0,323636.0
3609,3609,2013.01.02,21150.0,50.0,21250.0,21650.0,20850.0,273024.0
3610,3610,2013.01.03,20500.0,650.0,21200.0,21300.0,20400.0,328182.0
3611,3611,2013.01.04,20800.0,300.0,20450.0,20950.0,20300.0,209871.0
3612,3612,2013.01.07,21200.0,400.0,20950.0,21250.0,20600.0,240985.0
3613,3613,2013.01.08,20600.0,600.0,21200.0,21450.0,20600.0,189988.0
3614,3614,2013.01.09,20850.0,250.0,20500.0,21000.0,20250.0,296991.0
3615,3615,2013.01.10,20750.0,100.0,20950.0,21000.0,20600.0,209173.0
3616,3616,2013.01.11,21300.0,550.0,21000.0,21400.0,20600.0,451433.0
3617,3617,2013.01.14,21150.0,150.0,21450.0,22000.0,21150.0,513119.0
3618,3618,2013.01.15,20900.0,250.0,21150.0,21150.0,20650.0,211755.0
3619,3619,2013.01.16,20900.0,0.0,21000.0,21400.0,20750.0,252107.0
3620,3620,2013.01.17,22300.0,1400.0,21100.0,22300.0,21000.0,928743.0
3621,3621,2013.01.18,22400.0,100.0,22200.0,22500.0,22050.0,322110.0
3622,3622,2013.01.21,21900.0,500.0,22500.0,22550.0,21850.0,314653.0
3623,3623,2013.01.22,22000.0,100.0,22100.0,22200.0,21550.0,275721.0
3624,3624,2013.01.23,21500.0,500.0,22150.0,22350.0,21500.0,235784.0
3625,3625,2013.01.24,20800.0,700.0,21400.0,21500.0,20600.0,311425.0
3626,3626,2013.01.25,20900.0,100.0,21000.0,21100.0,20400.0,177607.0
3627,3627,2013.01.28,20900.0,0.0,20950.0,21150.0,20600.0,151907.0
3628,3628,2013.01.29,21000.0,100.0,20800.0,21250.0,20700.0,162738.0
3629,3629,2013.01.30,18500.0,2500.0,21050.0,21050.0,17850.0,1164643.0
3630,3630,2013.01.31,18700.0,200.0,19200.0,19400.0,18150.0,929516.0
3631,3631,2013.02.01,18600.0,100.0,18550.0,18700.0,17900.0,492745.0
3632,3632,2013.02.04,18600.0,0.0,18700.0,18800.0,18300.0,210914.0
3633,3633,2013.02.05,18700.0,100.0,18400.0,18750.0,18150.0,127154.0
3634,3634,2013.02.06,19400.0,700.0,18800.0,19400.0,18650.0,299210.0
3635,3635,2013.02.07,18850.0,550.0,19200.0,19400.0,18500.0,264949.0
3636,3636,2013.02.08,18950.0,100.0,18850.0,18950.0,18400.0,148791.0
3637,3637,2013.02.12,18950.0,0.0,19000.0,19200.0,18700.0,113969.0
3638,3638,2013.02.13,18900.0,50.0,19000.0,19200.0,18800.0,154613.0
3639,3639,2013.02.14,18800.0,100.0,19100.0,19100.0,18600.0,187262.0
3640,3640,2013.02.15,18600.0,200.0,18700.0,18750.0,18200.0,375472.0
3641,3641,2013.02.18,19500.0,900.0,18750.0,19600.0,18550.0,559757.0
3642,3642,2013.02.19,19750.0,250.0,19600.0,19750.0,19350.0,296292.0
3643,3643,2013.02.20,19750.0,0.0,19850.0,20100.0,19650.0,239976.0
3644,3644,2013.02.21,20000.0,250.0,19800.0,20150.0,19450.0,231516.0
3645,3645,2013.02.22,20250.0,250.0,20100.0,20850.0,20000.0,437334.0
3646,3646,2013.02.25,20250.0,0.0,20450.0,20600.0,20150.0,148252.0
3647,3647,2013.02.26,19700.0,550.0,20150.0,20400.0,19000.0,366364.0
3648,3648,2013.02.27,20250.0,550.0,19850.0,20250.0,19550.0,183831.0
3649,3649,2013.02.28,20150.0,100.0,20250.0,20600.0,19900.0,233265.0
3650,3650,2013.03.04,19600.0,550.0,20150.0,20250.0,19600.0,181789.0
3651,3651,2013.03.05,19800.0,200.0,19650.0,20050.0,19450.0,227044.0
3652,3652,2013.03.06,19200.0,600.0,20100.0,20100.0,19100.0,378247.0
3653,3653,2013.03.07,18800.0,400.0,19100.0,19350.0,18600.0,512527.0
3654,3654,2013.03.08,18550.0,250.0,18800.0,18950.0,18350.0,298839.0
3655,3655,2013.03.11,18000.0,550.0,18650.0,18650.0,18000.0,233693.0
3656,3656,2013.03.12,18650.0,650.0,18250.0,18750.0,18200.0,228603.0
3657,3657,2013.03.13,19100.0,450.0,18650.0,19100.0,18500.0,182843.0
3658,3658,2013.03.14,19500.0,400.0,19050.0,19550.0,18850.0,248742.0
3659,3659,2013.03.15,19800.0,300.0,19600.0,19800.0,19200.0,274743.0
3660,3660,2013.03.18,18800.0,1000.0,19550.0,19750.0,18800.0,196628.0
3661,3661,2013.03.19,19250.0,450.0,18900.0,19350.0,18650.0,103209.0
3662,3662,2013.03.20,19100.0,150.0,19250.0,19350.0,18800.0,135765.0
3663,3663,2013.03.21,19100.0,0.0,19300.0,19300.0,19000.0,86524.0
3664,3664,2013.03.22,19400.0,300.0,19100.0,19500.0,19000.0,105348.0
3665,3665,2013.03.25,19300.0,100.0,19450.0,19600.0,19200.0,135222.0
3666,3666,2013.03.26,19800.0,500.0,19250.0,19850.0,19150.0,195585.0
3667,3667,2013.03.27,19450.0,350.0,19650.0,19850.0,19450.0,104694.0
3668,3668,2013.03.28,18700.0,750.0,19400.0,19550.0,18550.0,186223.0
3669,3669,2013.03.29,18850.0,150.0,18800.0,19000.0,18650.0,129669.0
3670,3670,2013.04.01,18500.0,350.0,18800.0,18850.0,18450.0,87991.0
3671,3671,2013.04.02,18700.0,200.0,18300.0,18950.0,18300.0,81254.0
3672,3672,2013.04.03,18600.0,100.0,18700.0,18850.0,18400.0,118227.0
3673,3673,2013.04.04,18150.0,450.0,18400.0,18600.0,17650.0,237858.0
3674,3674,2013.04.05,18150.0,0.0,18100.0,18400.0,17800.0,97581.0
3675,3675,2013.04.08,17500.0,650.0,17950.0,18150.0,17200.0,143201.0
3676,3676,2013.04.09,17050.0,450.0,17050.0,17650.0,16450.0,199716.0
3677,3677,2013.04.10,17900.0,850.0,17000.0,18000.0,17000.0,165644.0
3678,3678,2013.04.11,18050.0,150.0,18100.0,18250.0,17750.0,85435.0
3679,3679,2013.04.12,17900.0,150.0,18100.0,18150.0,17800.0,87503.0
3680,3680,2013.04.15,18150.0,250.0,17900.0,18350.0,17750.0,80377.0
3681,3681,2013.04.16,18750.0,600.0,18200.0,18750.0,17950.0,122310.0
3682,3682,2013.04.17,19150.0,400.0,18950.0,19600.0,18850.0,308768.0
3683,3683,2013.04.18,19100.0,50.0,18900.0,19350.0,18700.0,140080.0
3684,3684,2013.04.19,18400.0,700.0,19400.0,19400.0,18250.0,157160.0
3685,3685,2013.04.22,18450.0,50.0,18000.0,18650.0,18000.0,118344.0
3686,3686,2013.04.23,18700.0,250.0,18650.0,18850.0,18500.0,95134.0
3687,3687,2013.04.24,20000.0,1300.0,19100.0,20100.0,18950.0,517159.0
3688,3688,2013.04.25,20200.0,200.0,20250.0,20550.0,19800.0,370457.0
3689,3689,2013.04.26,20300.0,100.0,20150.0,20750.0,20000.0,334468.0
3690,3690,2013.04.29,20900.0,600.0,20300.0,21000.0,20150.0,274171.0
3691,3691,2013.04.30,20400.0,500.0,20800.0,21000.0,20250.0,170747.0
3692,3692,2013.05.02,20000.0,400.0,20300.0,20500.0,19800.0,158896.0
3693,3693,2013.05.03,19900.0,100.0,20050.0,20350.0,19700.0,206499.0
3694,3694,2013.05.06,19500.0,400.0,19900.0,20400.0,19500.0,232508.0
3695,3695,2013.05.07,19700.0,200.0,19600.0,19900.0,19500.0,91318.0
3696,3696,2013.05.08,20550.0,850.0,19650.0,20600.0,19650.0,223140.0
3697,3697,2013.05.09,20050.0,500.0,20500.0,20550.0,19850.0,208579.0
3698,3698,2013.05.10,20000.0,50.0,20050.0,20200.0,19700.0,130526.0
3699,3699,2013.05.13,19700.0,300.0,20000.0,20000.0,19550.0,155709.0
3700,3700,2013.05.14,19000.0,700.0,19750.0,19950.0,18500.0,190862.0
3701,3701,2013.05.15,18850.0,150.0,18900.0,19250.0,18650.0,132538.0
3702,3702,2013.05.16,18700.0,150.0,18950.0,19150.0,18700.0,123277.0
3703,3703,2013.05.20,19150.0,450.0,18700.0,19150.0,18700.0,95079.0
3704,3704,2013.05.21,19200.0,50.0,19200.0,19500.0,19100.0,100738.0
3705,3705,2013.05.22,19150.0,50.0,19300.0,19450.0,18900.0,119062.0
3706,3706,2013.05.23,18650.0,500.0,19050.0,19450.0,18200.0,266913.0
3707,3707,2013.05.24,19300.0,650.0,18500.0,19350.0,18500.0,184443.0
3708,3708,2013.05.27,19700.0,400.0,19450.0,19700.0,19150.0,131070.0
3709,3709,2013.05.28,19750.0,50.0,19800.0,20000.0,19350.0,185702.0
3710,3710,2013.05.29,19650.0,100.0,19750.0,19750.0,19400.0,105732.0
3711,3711,2013.05.30,19150.0,500.0,19700.0,19700.0,19000.0,97399.0
3712,3712,2013.05.31,19100.0,50.0,19000.0,19250.0,18750.0,63305.0
3713,3713,2013.06.03,18800.0,300.0,18700.0,19000.0,18650.0,61752.0
3714,3714,2013.06.04,18150.0,650.0,18800.0,18900.0,17950.0,164041.0
3715,3715,2013.06.05,17500.0,650.0,18250.0,18300.0,17450.0,126754.0
3716,3716,2013.06.07,18400.0,900.0,17450.0,18500.0,16650.0,232767.0
3717,3717,2013.06.10,18550.0,150.0,18500.0,18600.0,18150.0,108638.0
3718,3718,2013.06.11,18500.0,50.0,18350.0,18650.0,18100.0,55262.0
3719,3719,2013.06.12,18050.0,450.0,18400.0,18600.0,18050.0,46964.0
3720,3720,2013.06.13,18150.0,100.0,18200.0,18600.0,17950.0,126755.0
3721,3721,2013.06.14,18600.0,450.0,18450.0,19150.0,18400.0,198563.0
3722,3722,2013.06.17,18050.0,550.0,18350.0,18650.0,17600.0,85978.0
3723,3723,2013.06.18,18350.0,300.0,18150.0,18400.0,17650.0,67672.0
3724,3724,2013.06.19,18350.0,0.0,18200.0,18550.0,18150.0,31886.0
3725,3725,2013.06.20,18000.0,350.0,18200.0,18250.0,17450.0,71642.0
3726,3726,2013.06.21,17700.0,300.0,17450.0,17700.0,17050.0,88325.0
3727,3727,2013.06.24,17000.0,700.0,17750.0,17800.0,16700.0,54689.0
3728,3728,2013.06.25,15750.0,1250.0,16500.0,16900.0,14550.0,397048.0
3729,3729,2013.06.26,15800.0,50.0,15900.0,16150.0,15500.0,185702.0
3730,3730,2013.06.27,16450.0,650.0,16100.0,16650.0,16100.0,107985.0
3731,3731,2013.06.28,17000.0,550.0,16700.0,17200.0,16250.0,63558.0
3732,3732,2013.07.01,17200.0,200.0,17000.0,17250.0,16800.0,81521.0
3733,3733,2013.07.02,17250.0,50.0,17350.0,17400.0,16800.0,64146.0
3734,3734,2013.07.03,17300.0,50.0,17200.0,17900.0,17050.0,98912.0
3735,3735,2013.07.04,17450.0,150.0,17400.0,17550.0,16900.0,55594.0
3736,3736,2013.07.05,17500.0,50.0,17550.0,17700.0,17250.0,42050.0
3737,3737,2013.07.08,17000.0,500.0,17500.0,17550.0,16700.0,46811.0
3738,3738,2013.07.09,17350.0,350.0,16900.0,17400.0,16700.0,71698.0
3739,3739,2013.07.10,17300.0,50.0,17500.0,17500.0,17150.0,43529.0
3740,3740,2013.07.11,17400.0,100.0,17450.0,17650.0,17000.0,53106.0
3741,3741,2013.07.12,17350.0,50.0,17550.0,17650.0,17250.0,21306.0
3742,3742,2013.07.15,17000.0,350.0,17400.0,17400.0,16900.0,51082.0
3743,3743,2013.07.16,16700.0,300.0,17050.0,17200.0,16600.0,112881.0
3744,3744,2013.07.17,17550.0,850.0,16750.0,17550.0,16600.0,133601.0
3745,3745,2013.07.18,17500.0,50.0,17650.0,17700.0,17250.0,102899.0
3746,3746,2013.07.19,17350.0,150.0,17600.0,17600.0,17250.0,43090.0
3747,3747,2013.07.22,17200.0,150.0,17300.0,17500.0,17100.0,40730.0
3748,3748,2013.07.23,17400.0,200.0,17050.0,17400.0,16950.0,67206.0
3749,3749,2013.07.24,18000.0,600.0,17400.0,18100.0,17150.0,172977.0
3750,3750,2013.07.25,17800.0,200.0,18050.0,18100.0,17700.0,64870.0
3751,3751,2013.07.26,17700.0,100.0,17850.0,18000.0,17600.0,52619.0
3752,3752,2013.07.29,17300.0,400.0,17800.0,17800.0,17250.0,45738.0
3753,3753,2013.07.30,17900.0,600.0,17350.0,17900.0,17050.0,75316.0
3754,3754,2013.07.31,17900.0,0.0,17900.0,18000.0,17500.0,54129.0
3755,3755,2013.08.01,17000.0,900.0,17650.0,17900.0,16950.0,128817.0
3756,3756,2013.08.02,17250.0,250.0,17200.0,17250.0,16950.0,47353.0
3757,3757,2013.08.05,17200.0,50.0,17300.0,17400.0,17050.0,27106.0
3758,3758,2013.08.06,17200.0,0.0,17450.0,17450.0,17000.0,30167.0
3759,3759,2013.08.07,16950.0,250.0,17200.0,17200.0,16700.0,83967.0
3760,3760,2013.08.08,16600.0,350.0,16850.0,17000.0,16450.0,122586.0
3761,3761,2013.08.09,16550.0,50.0,16600.0,16800.0,16500.0,53351.0
3762,3762,2013.08.12,16450.0,100.0,16750.0,16850.0,16300.0,39948.0
3763,3763,2013.08.13,16750.0,300.0,16650.0,17050.0,16400.0,73029.0
3764,3764,2013.08.14,16750.0,0.0,17100.0,17100.0,16700.0,43022.0
3765,3765,2013.08.16,16600.0,150.0,16550.0,16750.0,16450.0,27581.0
3766,3766,2013.08.19,16350.0,250.0,16750.0,16750.0,16250.0,55077.0
3767,3767,2013.08.20,16000.0,350.0,16250.0,16450.0,16000.0,46451.0
3768,3768,2013.08.21,15950.0,50.0,16200.0,16200.0,15600.0,46355.0
3769,3769,2013.08.22,15650.0,300.0,15950.0,15950.0,15500.0,46460.0
3770,3770,2013.08.23,16200.0,550.0,15650.0,16350.0,15650.0,48361.0
3771,3771,2013.08.26,16250.0,50.0,16450.0,16450.0,16100.0,21080.0
3772,3772,2013.08.27,15900.0,350.0,16250.0,16300.0,15700.0,47214.0
3773,3773,2013.08.28,15150.0,750.0,15800.0,15800.0,15000.0,94347.0
3774,3774,2013.08.29,15050.0,100.0,15300.0,15350.0,15050.0,59254.0
3775,3775,2013.08.30,15000.0,50.0,15000.0,15500.0,14900.0,101826.0
3776,3776,2013.09.02,15100.0,100.0,15250.0,15600.0,14950.0,105002.0
3777,3777,2013.09.03,15200.0,100.0,15100.0,15550.0,15050.0,100830.0
3778,3778,2013.09.04,15250.0,50.0,15200.0,15300.0,14850.0,129143.0
3779,3779,2013.09.05,14900.0,350.0,15350.0,15400.0,14900.0,119541.0
3780,3780,2013.09.06,14900.0,0.0,14950.0,15050.0,14250.0,236378.0
3781,3781,2013.09.09,14800.0,100.0,14800.0,15200.0,14650.0,162227.0
3782,3782,2013.09.10,14750.0,50.0,14850.0,15050.0,14500.0,143092.0
3783,3783,2013.09.11,15200.0,450.0,14750.0,15250.0,14750.0,216503.0
3784,3784,2013.09.12,15300.0,100.0,15300.0,15500.0,15200.0,107784.0
3785,3785,2013.09.13,15000.0,300.0,15150.0,15350.0,14900.0,85594.0
3786,3786,2013.09.16,15150.0,150.0,15000.0,15200.0,14800.0,44632.0
3787,3787,2013.09.17,14850.0,300.0,15100.0,15150.0,14750.0,77605.0
3788,3788,2013.09.23,14400.0,450.0,14900.0,14950.0,14250.0,128106.0
3789,3789,2013.09.24,13500.0,900.0,14300.0,14400.0,13400.0,500646.0
3790,3790,2013.09.25,15150.0,1650.0,13850.0,15250.0,13850.0,803073.0
3791,3791,2013.09.26,15950.0,800.0,15350.0,16050.0,15250.0,501982.0
3792,3792,2013.09.27,16100.0,150.0,16100.0,16200.0,15550.0,268367.0
3793,3793,2013.09.30,16100.0,0.0,15850.0,16200.0,15800.0,107687.0
3794,3794,2013.10.01,16150.0,50.0,16000.0,16550.0,15900.0,185350.0
3795,3795,2013.10.02,16750.0,600.0,16450.0,17000.0,16300.0,229132.0
3796,3796,2013.10.04,16450.0,300.0,16700.0,16700.0,16250.0,137789.0
3797,3797,2013.10.07,16150.0,300.0,16450.0,16750.0,15800.0,160628.0
3798,3798,2013.10.08,16100.0,50.0,16150.0,16850.0,15800.0,271533.0
3799,3799,2013.10.10,16150.0,50.0,16400.0,16400.0,15950.0,111245.0
3800,3800,2013.10.11,16300.0,150.0,16200.0,16700.0,16200.0,179263.0
3801,3801,2013.10.14,16150.0,150.0,16500.0,16500.0,15950.0,91109.0
3802,3802,2013.10.15,16500.0,350.0,16100.0,16500.0,16050.0,123927.0
3803,3803,2013.10.16,16000.0,500.0,16500.0,16550.0,15850.0,135272.0
3804,3804,2013.10.17,16000.0,0.0,16050.0,16550.0,15750.0,107585.0
3805,3805,2013.10.18,16100.0,100.0,16000.0,16350.0,15950.0,105343.0
3806,3806,2013.10.21,17800.0,1700.0,16300.0,17850.0,16250.0,532036.0
3807,3807,2013.10.22,18100.0,300.0,17700.0,18200.0,17450.0,258934.0
3808,3808,2013.10.23,18150.0,50.0,18150.0,18500.0,17800.0,278200.0
3809,3809,2013.10.24,18850.0,700.0,18350.0,19050.0,18000.0,252025.0
3810,3810,2013.10.25,19450.0,600.0,18850.0,19500.0,18600.0,364034.0
3811,3811,2013.10.28,19350.0,100.0,19700.0,19700.0,19000.0,191077.0
3812,3812,2013.10.29,19250.0,100.0,19350.0,19700.0,19150.0,156513.0
3813,3813,2013.10.30,19100.0,150.0,19400.0,19450.0,18750.0,184506.0
3814,3814,2013.10.31,18700.0,400.0,18850.0,19550.0,18700.0,224080.0
3815,3815,2013.11.01,19700.0,1000.0,18500.0,19700.0,18500.0,241687.0
3816,3816,2013.11.04,19550.0,150.0,19600.0,20000.0,19450.0,140657.0
3817,3817,2013.11.05,19550.0,0.0,19550.0,20250.0,19350.0,281333.0
3818,3818,2013.11.06,19800.0,250.0,19350.0,20000.0,19300.0,115232.0
3819,3819,2013.11.07,20000.0,200.0,19800.0,20050.0,19550.0,160002.0
3820,3820,2013.11.08,19950.0,50.0,19750.0,20000.0,19650.0,97523.0
3821,3821,2013.11.11,19250.0,700.0,20000.0,20050.0,18600.0,231155.0
3822,3822,2013.11.12,18700.0,550.0,19250.0,19250.0,18550.0,164444.0
3823,3823,2013.11.13,18350.0,350.0,18850.0,18900.0,18100.0,133670.0
3824,3824,2013.11.14,18350.0,0.0,18500.0,18750.0,18050.0,129487.0
3825,3825,2013.11.15,18750.0,400.0,18650.0,18750.0,18150.0,110883.0
3826,3826,2013.11.18,18300.0,450.0,18750.0,18850.0,17950.0,149177.0
3827,3827,2013.11.19,18450.0,150.0,18450.0,18550.0,17900.0,186210.0
3828,3828,2013.11.20,18450.0,0.0,18500.0,18600.0,18100.0,61954.0
3829,3829,2013.11.21,18700.0,250.0,18250.0,18700.0,18250.0,98775.0
3830,3830,2013.11.22,19250.0,550.0,18900.0,19450.0,18800.0,161537.0
3831,3831,2013.11.25,18800.0,450.0,19250.0,19250.0,18800.0,97260.0
3832,3832,2013.11.26,18800.0,0.0,18900.0,19150.0,18600.0,65630.0
3833,3833,2013.11.27,19200.0,400.0,18700.0,19200.0,18600.0,116310.0
3834,3834,2013.11.28,19450.0,250.0,19350.0,19700.0,19250.0,205166.0
3835,3835,2013.11.29,20800.0,1350.0,19500.0,21000.0,19250.0,649027.0
3836,3836,2013.12.02,20800.0,0.0,20850.0,21050.0,20650.0,227662.0
3837,3837,2013.12.03,20900.0,100.0,20800.0,21100.0,20550.0,149107.0
3838,3838,2013.12.04,20750.0,150.0,20800.0,21400.0,20450.0,217814.0
3839,3839,2013.12.05,20700.0,50.0,20750.0,20800.0,20250.0,175249.0
3840,3840,2013.12.06,20350.0,350.0,20500.0,20650.0,20250.0,103638.0
3841,3841,2013.12.09,19650.0,700.0,20350.0,20350.0,19450.0,319108.0
3842,3842,2013.12.10,20050.0,400.0,19850.0,20100.0,19650.0,191807.0
3843,3843,2013.12.11,19650.0,400.0,20000.0,20150.0,19550.0,87192.0
3844,3844,2013.12.12,19450.0,200.0,19350.0,19600.0,19150.0,135284.0
3845,3845,2013.12.13,19550.0,100.0,19250.0,19550.0,18800.0,117766.0
3846,3846,2013.12.16,19100.0,450.0,19650.0,19750.0,18900.0,102480.0
3847,3847,2013.12.17,19100.0,0.0,19300.0,19300.0,18550.0,174909.0
3848,3848,2013.12.18,20200.0,1100.0,19250.0,20350.0,19250.0,366200.0
3849,3849,2013.12.19,20050.0,150.0,20250.0,20650.0,20050.0,199799.0
3850,3850,2013.12.20,20100.0,50.0,20050.0,20700.0,19950.0,176684.0
3851,3851,2013.12.23,19950.0,150.0,20100.0,20200.0,19650.0,104466.0
3852,3852,2013.12.24,19600.0,350.0,19900.0,19950.0,19350.0,112645.0
3853,3853,2013.12.26,19850.0,250.0,19600.0,19900.0,19400.0,109128.0
3854,3854,2013.12.27,20050.0,200.0,19850.0,20250.0,19800.0,107381.0
3855,3855,2013.12.30,20300.0,250.0,20150.0,20500.0,20050.0,154599.0
3856,3856,2014.01.02,19600.0,700.0,20300.0,20300.0,19450.0,175598.0
3857,3857,2014.01.03,19700.0,100.0,19750.0,19750.0,19200.0,88457.0
3858,3858,2014.01.06,19500.0,200.0,19600.0,19750.0,19250.0,96107.0
3859,3859,2014.01.07,20750.0,1250.0,19500.0,20750.0,19450.0,228552.0
3860,3860,2014.01.08,22700.0,1950.0,21300.0,23200.0,21050.0,1189424.0
3861,3861,2014.01.09,22700.0,0.0,22900.0,23100.0,22450.0,389137.0
3862,3862,2014.01.10,22100.0,600.0,22900.0,22900.0,22050.0,333530.0
3863,3863,2014.01.13,22300.0,200.0,22000.0,22550.0,21900.0,218026.0
3864,3864,2014.01.14,21700.0,600.0,22050.0,22400.0,21700.0,209523.0
3865,3865,2014.01.15,21800.0,100.0,21950.0,22500.0,21600.0,248289.0
3866,3866,2014.01.16,22150.0,350.0,22150.0,22500.0,21900.0,255804.0
3867,3867,2014.01.17,21800.0,350.0,22250.0,22250.0,21500.0,176877.0
3868,3868,2014.01.20,21800.0,0.0,21650.0,21950.0,21400.0,95731.0
3869,3869,2014.01.21,22600.0,800.0,21800.0,22650.0,21450.0,231523.0
3870,3870,2014.01.22,22950.0,350.0,22450.0,23050.0,22200.0,284974.0
3871,3871,2014.01.23,23200.0,250.0,23100.0,23650.0,22800.0,2069661.0
3872,3872,2014.01.24,23250.0,50.0,23500.0,23600.0,23000.0,909678.0
3873,3873,2014.01.27,22500.0,750.0,22600.0,23000.0,22150.0,334111.0
3874,3874,2014.01.28,23150.0,650.0,22350.0,23250.0,22350.0,182234.0
3875,3875,2014.01.29,23150.0,0.0,23200.0,23350.0,22950.0,131188.0
3876,3876,2014.02.03,23350.0,200.0,22600.0,23400.0,22600.0,192351.0
3877,3877,2014.02.04,22650.0,700.0,22950.0,23200.0,22450.0,213236.0
3878,3878,2014.02.05,23000.0,350.0,22750.0,23500.0,22650.0,160001.0
3879,3879,2014.02.06,23100.0,100.0,23000.0,23200.0,22550.0,154798.0
3880,3880,2014.02.07,23850.0,750.0,23300.0,24150.0,23250.0,547833.0
3881,3881,2014.02.10,23750.0,100.0,23850.0,24050.0,23450.0,174084.0
3882,3882,2014.02.11,23800.0,50.0,23900.0,24150.0,23100.0,225389.0
3883,3883,2014.02.12,24350.0,550.0,23600.0,24900.0,23400.0,204385.0
3884,3884,2014.02.13,24000.0,350.0,24400.0,24500.0,23800.0,143489.0
3885,3885,2014.02.14,24000.0,0.0,24150.0,24150.0,23850.0,121215.0
3886,3886,2014.02.17,24000.0,0.0,24150.0,24200.0,23650.0,155584.0
3887,3887,2014.02.18,24000.0,0.0,24000.0,24200.0,23650.0,140558.0
3888,3888,2014.02.19,23650.0,350.0,24050.0,24050.0,23650.0,88804.0
3889,3889,2014.02.20,23600.0,50.0,23750.0,23850.0,23500.0,122959.0
3890,3890,2014.02.21,23200.0,400.0,23650.0,23800.0,22900.0,270803.0
3891,3891,2014.02.24,22750.0,450.0,23250.0,23400.0,22600.0,173360.0
3892,3892,2014.02.25,23050.0,300.0,22750.0,23100.0,22600.0,173790.0
3893,3893,2014.02.26,22700.0,350.0,23000.0,23300.0,22300.0,294991.0
3894,3894,2014.02.27,23200.0,500.0,22850.0,23250.0,22000.0,311152.0
3895,3895,2014.02.28,23050.0,150.0,23300.0,23300.0,22650.0,195283.0
3896,3896,2014.03.03,22550.0,500.0,22900.0,23100.0,22300.0,210098.0
3897,3897,2014.03.04,23400.0,850.0,22500.0,23400.0,22350.0,300060.0
3898,3898,2014.03.05,24350.0,950.0,23450.0,24600.0,23150.0,465485.0
3899,3899,2014.03.06,24100.0,250.0,24300.0,24850.0,23800.0,274405.0
3900,3900,2014.03.07,24350.0,250.0,24100.0,24350.0,23800.0,159162.0
3901,3901,2014.03.10,23800.0,550.0,24300.0,24400.0,23700.0,139665.0
3902,3902,2014.03.11,24250.0,450.0,23800.0,24250.0,23300.0,182778.0
3903,3903,2014.03.12,24400.0,150.0,24150.0,24700.0,23750.0,334884.0
3904,3904,2014.03.13,25650.0,1250.0,24550.0,25800.0,24550.0,745166.0
3905,3905,2014.03.14,25500.0,150.0,25350.0,26000.0,25200.0,269151.0
3906,3906,2014.03.17,25500.0,0.0,25700.0,25800.0,24650.0,238456.0
3907,3907,2014.03.18,25050.0,450.0,25400.0,25700.0,25050.0,127840.0
3908,3908,2014.03.19,25250.0,200.0,25000.0,25600.0,24850.0,173062.0
3909,3909,2014.03.20,25250.0,0.0,25450.0,25700.0,25000.0,144759.0
3910,3910,2014.03.21,25350.0,100.0,26400.0,26600.0,25300.0,503214.0
3911,3911,2014.03.24,26250.0,900.0,25600.0,26300.0,25450.0,271183.0
3912,3912,2014.03.25,25950.0,300.0,26300.0,26400.0,25250.0,248007.0
3913,3913,2014.03.26,24950.0,1000.0,25850.0,26050.0,24600.0,371640.0
3914,3914,2014.03.27,24800.0,150.0,24900.0,25000.0,24300.0,249919.0
3915,3915,2014.03.28,24300.0,500.0,24050.0,24350.0,23200.0,845269.0
3916,3916,2014.03.31,23400.0,900.0,24300.0,24300.0,23100.0,469581.0
3917,3917,2014.04.01,24600.0,1200.0,23550.0,24600.0,23500.0,389183.0
3918,3918,2014.04.02,24300.0,300.0,24700.0,24900.0,24000.0,273778.0
3919,3919,2014.04.03,23900.0,400.0,24500.0,24550.0,23850.0,189669.0
3920,3920,2014.04.04,24850.0,950.0,23900.0,24850.0,23750.0,329070.0
3921,3921,2014.04.07,24150.0,700.0,24600.0,24900.0,23800.0,221546.0
3922,3922,2014.04.08,24000.0,150.0,23900.0,24400.0,23500.0,164960.0
3923,3923,2014.04.09,23800.0,200.0,24300.0,24300.0,23550.0,128043.0
3924,3924,2014.04.10,23800.0,0.0,23800.0,24000.0,23150.0,242905.0
3925,3925,2014.04.11,22900.0,900.0,23450.0,23750.0,22900.0,263754.0
3926,3926,2014.04.14,22900.0,0.0,23050.0,23150.0,22550.0,170556.0
3927,3927,2014.04.15,23400.0,500.0,23000.0,23500.0,22600.0,177659.0
3928,3928,2014.04.16,23600.0,200.0,23500.0,23850.0,23300.0,122410.0
3929,3929,2014.04.17,23850.0,250.0,23800.0,24050.0,23400.0,173235.0
3930,3930,2014.04.18,25000.0,1150.0,24000.0,25050.0,23750.0,342153.0
3931,3931,2014.04.21,25250.0,250.0,25150.0,25400.0,24650.0,286886.0
3932,3932,2014.04.22,24700.0,550.0,25150.0,25750.0,24550.0,302839.0
3933,3933,2014.04.23,25000.0,300.0,25050.0,25250.0,24650.0,244537.0
3934,3934,2014.04.24,24500.0,500.0,25000.0,25400.0,24200.0,261155.0
3935,3935,2014.04.25,24400.0,100.0,24700.0,24750.0,23650.0,178096.0
3936,3936,2014.04.28,24000.0,400.0,24400.0,24450.0,23850.0,117644.0
3937,3937,2014.04.29,24200.0,200.0,24200.0,24300.0,23600.0,128984.0
3938,3938,2014.04.30,24550.0,350.0,24350.0,24800.0,24150.0,182342.0
3939,3939,2014.05.02,24500.0,50.0,24550.0,24750.0,24200.0,126355.0
3940,3940,2014.05.07,23200.0,1300.0,24150.0,24350.0,23200.0,187336.0
3941,3941,2014.05.08,23150.0,50.0,23400.0,23450.0,22900.0,154021.0
3942,3942,2014.05.09,23000.0,150.0,23100.0,23350.0,22950.0,87515.0
3943,3943,2014.05.12,23250.0,250.0,22900.0,23400.0,22750.0,152645.0
3944,3944,2014.05.13,23350.0,100.0,23350.0,23450.0,23050.0,115419.0
3945,3945,2014.05.14,24000.0,650.0,23450.0,24000.0,23200.0,188572.0
3946,3946,2014.05.15,23650.0,350.0,24000.0,24050.0,23500.0,122501.0
3947,3947,2014.05.16,23100.0,550.0,23650.0,23750.0,22850.0,210867.0
3948,3948,2014.05.19,22350.0,750.0,23450.0,23450.0,22300.0,236177.0
3949,3949,2014.05.20,22000.0,350.0,22600.0,22600.0,21500.0,294807.0
3950,3950,2014.05.21,22450.0,450.0,22150.0,22550.0,21800.0,178491.0
3951,3951,2014.05.22,23000.0,550.0,22350.0,23150.0,22350.0,192476.0
3952,3952,2014.05.23,23800.0,800.0,23100.0,23900.0,22800.0,339675.0
3953,3953,2014.05.26,23800.0,0.0,23850.0,24000.0,23550.0,148853.0
3954,3954,2014.05.27,23700.0,100.0,23850.0,24000.0,23350.0,116446.0
3955,3955,2014.05.28,24000.0,300.0,24000.0,24100.0,23550.0,268132.0
3956,3956,2014.05.29,24900.0,900.0,24100.0,25000.0,23900.0,396468.0
3957,3957,2014.05.30,25350.0,450.0,24900.0,25500.0,24800.0,355910.0
3958,3958,2014.06.02,24700.0,650.0,25250.0,25250.0,24550.0,143264.0
3959,3959,2014.06.03,24100.0,600.0,24650.0,25000.0,23900.0,164579.0
3960,3960,2014.06.05,23800.0,300.0,24150.0,24250.0,23350.0,160255.0
3961,3961,2014.06.09,23600.0,200.0,23950.0,24250.0,23200.0,119552.0
3962,3962,2014.06.10,24650.0,1050.0,23700.0,24650.0,23550.0,152727.0
3963,3963,2014.06.11,24950.0,300.0,24750.0,25050.0,24400.0,159723.0
3964,3964,2014.06.12,24800.0,150.0,25200.0,25300.0,24750.0,115368.0
3965,3965,2014.06.13,24800.0,0.0,24950.0,25150.0,24600.0,98951.0
3966,3966,2014.06.16,25450.0,650.0,25050.0,25800.0,25000.0,410123.0
3967,3967,2014.06.17,25400.0,50.0,25450.0,25600.0,25000.0,233105.0
3968,3968,2014.06.18,25400.0,0.0,25350.0,25850.0,25250.0,146066.0
3969,3969,2014.06.19,25100.0,300.0,25400.0,25700.0,24900.0,143568.0
3970,3970,2014.06.20,24800.0,300.0,25100.0,25100.0,24550.0,99404.0
3971,3971,2014.06.23,24200.0,600.0,24750.0,24750.0,24100.0,119062.0
3972,3972,2014.06.24,24600.0,400.0,24150.0,24600.0,23900.0,152896.0
3973,3973,2014.06.25,24000.0,600.0,24300.0,24500.0,23700.0,140585.0
3974,3974,2014.06.26,24400.0,400.0,23850.0,24400.0,23750.0,137685.0
3975,3975,2014.06.27,24400.0,0.0,24150.0,24550.0,23900.0,123968.0
3976,3976,2014.06.30,24600.0,200.0,24500.0,24750.0,24200.0,84187.0
3977,3977,2014.07.01,24600.0,0.0,24600.0,24800.0,24300.0,81336.0
3978,3978,2014.07.02,24650.0,50.0,24700.0,24850.0,24450.0,72775.0
3979,3979,2014.07.03,24550.0,100.0,24750.0,24750.0,24250.0,120516.0
3980,3980,2014.07.04,24500.0,50.0,24650.0,24650.0,24200.0,89320.0
3981,3981,2014.07.07,24200.0,300.0,24600.0,24600.0,24100.0,62378.0
3982,3982,2014.07.08,24250.0,50.0,24050.0,24350.0,23700.0,188673.0
3983,3983,2014.07.09,23900.0,350.0,24250.0,24250.0,23750.0,114416.0
3984,3984,2014.07.10,23900.0,0.0,23950.0,24000.0,23300.0,266347.0
3985,3985,2014.07.11,23400.0,500.0,23750.0,24000.0,23400.0,92801.0
3986,3986,2014.07.14,23150.0,250.0,23450.0,23700.0,22550.0,282144.0
3987,3987,2014.07.15,22550.0,600.0,23250.0,23300.0,22500.0,190643.0
3988,3988,2014.07.16,22700.0,150.0,22600.0,22750.0,22200.0,145907.0
3989,3989,2014.07.17,22550.0,150.0,22700.0,22800.0,22350.0,393143.0
3990,3990,2014.07.18,23250.0,700.0,22450.0,23250.0,22300.0,269459.0
3991,3991,2014.07.21,23950.0,700.0,23350.0,24050.0,23200.0,170753.0
3992,3992,2014.07.22,23700.0,250.0,24000.0,24000.0,23500.0,117565.0
3993,3993,2014.07.23,24000.0,300.0,23750.0,24250.0,23500.0,171921.0
3994,3994,2014.07.24,25350.0,1350.0,24000.0,25700.0,24000.0,889669.0
3995,3995,2014.07.25,25750.0,400.0,25400.0,26050.0,25100.0,628579.0
3996,3996,2014.07.28,25450.0,300.0,25800.0,26150.0,25350.0,307026.0
3997,3997,2014.07.29,25750.0,300.0,25400.0,25800.0,24600.0,380848.0
3998,3998,2014.07.30,25200.0,550.0,25700.0,25750.0,24900.0,206675.0
3999,3999,2014.07.31,25200.0,0.0,25000.0,25350.0,24600.0,172502.0
4000,4000,2014.08.01,25450.0,250.0,24550.0,25550.0,24500.0,179122.0
4001,4001,2014.08.04,26100.0,650.0,25650.0,26850.0,25350.0,453434.0
4002,4002,2014.08.05,26150.0,50.0,25950.0,26550.0,25650.0,258244.0
4003,4003,2014.08.06,25700.0,450.0,26100.0,26400.0,25450.0,364396.0
4004,4004,2014.08.07,25250.0,450.0,25800.0,25800.0,24850.0,180239.0
4005,4005,2014.08.08,24650.0,600.0,25000.0,25350.0,24500.0,106091.0
4006,4006,2014.08.11,24600.0,50.0,24900.0,25200.0,24050.0,217893.0
4007,4007,2014.08.12,25000.0,400.0,25050.0,25300.0,24600.0,182613.0
4008,4008,2014.08.13,25500.0,500.0,25250.0,25650.0,24750.0,160526.0
4009,4009,2014.08.14,25600.0,100.0,25500.0,25850.0,25250.0,133617.0
4010,4010,2014.08.18,27000.0,1400.0,25650.0,28400.0,25250.0,659602.0
4011,4011,2014.08.19,27100.0,100.0,26900.0,27400.0,26650.0,299327.0
4012,4012,2014.08.20,27100.0,0.0,27200.0,27600.0,26750.0,209701.0
4013,4013,2014.08.21,26450.0,650.0,27000.0,27250.0,26450.0,182505.0
4014,4014,2014.08.22,26600.0,150.0,26450.0,27050.0,26200.0,120723.0
4015,4015,2014.08.25,26500.0,100.0,26850.0,26850.0,26000.0,145293.0
4016,4016,2014.08.26,26400.0,100.0,26750.0,27200.0,26250.0,131978.0
4017,4017,2014.08.27,26600.0,200.0,26500.0,26800.0,26250.0,148579.0
4018,4018,2014.08.28,26100.0,500.0,26700.0,26800.0,26000.0,126102.0
4019,4019,2014.08.29,25150.0,950.0,26250.0,26250.0,23650.0,653100.0
4020,4020,2014.09.01,24900.0,250.0,25350.0,25350.0,24700.0,121607.0
4021,4021,2014.09.02,25750.0,850.0,24900.0,25750.0,24550.0,180298.0
4022,4022,2014.09.03,25500.0,250.0,25500.0,25750.0,25350.0,107955.0
4023,4023,2014.09.04,25800.0,300.0,25350.0,26200.0,25200.0,154513.0
4024,4024,2014.09.05,24900.0,900.0,25800.0,26000.0,24550.0,286377.0
4025,4025,2014.09.11,24600.0,300.0,25000.0,25150.0,24550.0,153057.0
4026,4026,2014.09.12,24150.0,450.0,24650.0,24800.0,24050.0,207765.0
4027,4027,2014.09.15,24550.0,400.0,24400.0,24850.0,24150.0,115188.0
4028,4028,2014.09.16,24550.0,0.0,24550.0,25000.0,24550.0,83562.0
4029,4029,2014.09.17,25000.0,450.0,24600.0,25050.0,24600.0,89784.0
4030,4030,2014.09.18,24900.0,100.0,25050.0,25300.0,24600.0,79578.0
4031,4031,2014.09.19,25300.0,400.0,25100.0,25600.0,24750.0,116940.0
4032,4032,2014.09.22,25450.0,150.0,25450.0,25500.0,25050.0,140240.0
4033,4033,2014.09.23,25300.0,150.0,25450.0,25650.0,25100.0,73375.0
4034,4034,2014.09.24,26050.0,750.0,25400.0,26800.0,25350.0,508956.0
4035,4035,2014.09.25,26350.0,300.0,26050.0,26550.0,25700.0,177602.0
4036,4036,2014.09.26,25650.0,700.0,25900.0,26250.0,25600.0,92200.0
4037,4037,2014.09.29,25550.0,100.0,26050.0,26050.0,25250.0,137890.0
4038,4038,2014.09.30,27000.0,1450.0,25550.0,27000.0,25450.0,288892.0
4039,4039,2014.10.01,25950.0,1050.0,26750.0,27000.0,25400.0,273257.0
4040,4040,2014.10.02,25500.0,450.0,25500.0,25950.0,24700.0,221052.0
4041,4041,2014.10.06,24750.0,750.0,25550.0,25650.0,24750.0,128004.0
4042,4042,2014.10.07,24700.0,50.0,24950.0,25050.0,24400.0,123782.0
4043,4043,2014.10.08,24450.0,250.0,24500.0,24550.0,23800.0,224279.0
4044,4044,2014.10.10,24300.0,150.0,24200.0,24300.0,23400.0,181934.0
4045,4045,2014.10.13,23700.0,600.0,23900.0,24100.0,23150.0,189703.0
4046,4046,2014.10.14,23600.0,100.0,24350.0,24350.0,23600.0,119360.0
4047,4047,2014.10.15,23650.0,50.0,23700.0,23950.0,23450.0,63919.0
4048,4048,2014.10.16,23350.0,300.0,23100.0,23600.0,23050.0,58105.0
4049,4049,2014.10.17,23300.0,50.0,23300.0,23550.0,22700.0,150051.0
4050,4050,2014.10.20,23450.0,150.0,23700.0,23700.0,23050.0,96683.0
4051,4051,2014.10.21,22500.0,950.0,23200.0,23300.0,22450.0,202793.0
4052,4052,2014.10.22,23450.0,950.0,22650.0,23600.0,22600.0,223095.0
4053,4053,2014.10.23,23700.0,250.0,23150.0,24100.0,23150.0,180049.0
4054,4054,2014.10.24,23500.0,200.0,23850.0,24050.0,23200.0,84818.0
4055,4055,2014.10.27,23450.0,50.0,23850.0,23850.0,23200.0,60889.0
4056,4056,2014.10.28,23000.0,450.0,23450.0,23700.0,23000.0,74193.0
4057,4057,2014.10.29,23200.0,200.0,23350.0,23800.0,23050.0,78015.0
4058,4058,2014.10.30,23050.0,150.0,23250.0,23400.0,22800.0,83629.0
4059,4059,2014.10.31,23100.0,50.0,23100.0,23250.0,22750.0,56163.0
4060,4060,2014.11.03,23000.0,100.0,22950.0,23250.0,22750.0,43306.0
4061,4061,2014.11.04,21850.0,1150.0,23000.0,23000.0,21650.0,172865.0
4062,4062,2014.11.05,21350.0,500.0,21850.0,22200.0,20900.0,143762.0
4063,4063,2014.11.06,21300.0,50.0,21450.0,21500.0,20700.0,146611.0
4064,4064,2014.11.07,20200.0,1100.0,21300.0,21450.0,19100.0,1044950.0
4065,4065,2014.11.10,19250.0,950.0,20350.0,20500.0,18550.0,637522.0
4066,4066,2014.11.11,19450.0,200.0,19200.0,19750.0,18850.0,212890.0
4067,4067,2014.11.12,19150.0,300.0,19500.0,19950.0,19000.0,235732.0
4068,4068,2014.11.13,19500.0,350.0,19200.0,19750.0,19200.0,209322.0
4069,4069,2014.11.14,19250.0,250.0,19600.0,19650.0,19000.0,152619.0
4070,4070,2014.11.17,19250.0,0.0,19400.0,19500.0,19000.0,106428.0
4071,4071,2014.11.18,19600.0,350.0,19600.0,19850.0,19150.0,252229.0
4072,4072,2014.11.19,18750.0,850.0,19550.0,19600.0,18650.0,240257.0
4073,4073,2014.11.20,19000.0,250.0,18850.0,19800.0,18800.0,558212.0
4074,4074,2014.11.21,19600.0,600.0,19100.0,19600.0,18850.0,156839.0
4075,4075,2014.11.24,19400.0,200.0,19600.0,19700.0,19150.0,87070.0
4076,4076,2014.11.25,19100.0,300.0,19200.0,19400.0,18950.0,91846.0
4077,4077,2014.11.26,19400.0,300.0,19250.0,19400.0,19150.0,64690.0
4078,4078,2014.11.27,19400.0,0.0,19500.0,19500.0,19150.0,65741.0
4079,4079,2014.11.28,19250.0,150.0,19400.0,19450.0,19000.0,55693.0
4080,4080,2014.12.01,19400.0,150.0,19350.0,19550.0,19100.0,67463.0
4081,4081,2014.12.02,19550.0,150.0,19500.0,19600.0,19250.0,86200.0
4082,4082,2014.12.03,19550.0,0.0,19600.0,19950.0,19450.0,163314.0
4083,4083,2014.12.04,20000.0,450.0,19650.0,20200.0,19550.0,140893.0
4084,4084,2014.12.05,19950.0,50.0,20100.0,20400.0,19750.0,161338.0
4085,4085,2014.12.08,19500.0,450.0,20050.0,20050.0,19450.0,142425.0
4086,4086,2014.12.09,19100.0,400.0,19600.0,19600.0,19050.0,168926.0
4087,4087,2014.12.10,18850.0,250.0,19000.0,19250.0,18850.0,91000.0
4088,4088,2014.12.11,18500.0,350.0,18800.0,18950.0,17800.0,240025.0
4089,4089,2014.12.12,18600.0,100.0,19050.0,19150.0,18600.0,165551.0
4090,4090,2014.12.15,18900.0,300.0,18700.0,18900.0,18250.0,54562.0
4091,4091,2014.12.16,19650.0,750.0,18900.0,19850.0,18750.0,173133.0
4092,4092,2014.12.17,19650.0,0.0,19900.0,20000.0,19600.0,109717.0
4093,4093,2014.12.18,19550.0,100.0,19750.0,20000.0,19500.0,96085.0
4094,4094,2014.12.19,21050.0,1500.0,19900.0,21300.0,19800.0,321755.0
4095,4095,2014.12.22,20700.0,350.0,21100.0,21100.0,20700.0,96582.0
4096,4096,2014.12.23,20650.0,50.0,20900.0,20950.0,20450.0,97819.0
4097,4097,2014.12.24,20600.0,50.0,20650.0,20850.0,20550.0,96898.0
4098,4098,2014.12.26,20000.0,600.0,20400.0,20550.0,20000.0,146403.0
4099,4099,2014.12.29,20250.0,250.0,19800.0,20450.0,19800.0,68290.0
4100,4100,2014.12.30,20200.0,50.0,20400.0,20400.0,19800.0,73281.0
4101,4101,2015.01.02,20000.0,200.0,20550.0,20550.0,19850.0,79435.0
4102,4102,2015.01.05,19750.0,250.0,19900.0,20500.0,19500.0,167138.0
4103,4103,2015.01.06,19200.0,550.0,19400.0,19850.0,18650.0,266391.0
4104,4104,2015.01.07,19650.0,450.0,19050.0,19700.0,19050.0,95321.0
4105,4105,2015.01.08,19100.0,550.0,19750.0,19750.0,19100.0,159880.0
4106,4106,2015.01.09,19450.0,350.0,19300.0,19600.0,19100.0,81482.0
4107,4107,2015.01.12,19750.0,300.0,19550.0,19900.0,19400.0,101890.0
4108,4108,2015.01.13,19850.0,100.0,19700.0,20300.0,19700.0,184001.0
4109,4109,2015.01.14,19600.0,250.0,19850.0,20200.0,19450.0,126622.0
4110,4110,2015.01.15,20650.0,1050.0,19600.0,20650.0,19400.0,244879.0
4111,4111,2015.01.16,20700.0,50.0,20600.0,21150.0,20300.0,215362.0
4112,4112,2015.01.19,21150.0,450.0,20800.0,21300.0,20500.0,282182.0
4113,4113,2015.01.20,20700.0,450.0,21200.0,21250.0,20400.0,144235.0
4114,4114,2015.01.21,20850.0,150.0,20700.0,21000.0,20550.0,113162.0
4115,4115,2015.01.22,21350.0,500.0,21450.0,21950.0,20800.0,309378.0
4116,4116,2015.01.23,21400.0,50.0,21550.0,21800.0,21100.0,96879.0
4117,4117,2015.01.26,21200.0,200.0,21400.0,21750.0,21200.0,123683.0
4118,4118,2015.01.27,21950.0,750.0,21400.0,22000.0,21250.0,156053.0
4119,4119,2015.01.28,21950.0,0.0,21600.0,21950.0,21150.0,218365.0
4120,4120,2015.01.29,21250.0,700.0,21600.0,21750.0,21100.0,105789.0
4121,4121,2015.01.30,20400.0,850.0,21500.0,21500.0,20350.0,187597.0
4122,4122,2015.02.02,20900.0,500.0,20200.0,21100.0,20200.0,145726.0
4123,4123,2015.02.03,20550.0,350.0,20900.0,20950.0,20500.0,116971.0
4124,4124,2015.02.04,20250.0,300.0,20550.0,20750.0,20250.0,124875.0
4125,4125,2015.02.05,19650.0,600.0,20400.0,20400.0,19650.0,234035.0
4126,4126,2015.02.06,19700.0,50.0,19700.0,20150.0,19500.0,143213.0
4127,4127,2015.02.09,17850.0,1850.0,19350.0,19400.0,17600.0,582656.0
4128,4128,2015.02.10,19100.0,1250.0,18050.0,19200.0,17700.0,253167.0
4129,4129,2015.02.11,18950.0,150.0,19400.0,20150.0,18800.0,375112.0
4130,4130,2015.02.12,18150.0,800.0,19150.0,19300.0,18050.0,261224.0
4131,4131,2015.02.13,18100.0,50.0,18200.0,18400.0,17800.0,229297.0
4132,4132,2015.02.16,17750.0,350.0,18150.0,18300.0,17700.0,146273.0
4133,4133,2015.02.17,17300.0,450.0,17700.0,17900.0,16850.0,449398.0
4134,4134,2015.02.23,17400.0,100.0,17650.0,17800.0,17150.0,296809.0
4135,4135,2015.02.24,17450.0,50.0,17550.0,17700.0,17350.0,248464.0
4136,4136,2015.02.25,17550.0,100.0,17600.0,17800.0,17450.0,248034.0
4137,4137,2015.02.26,17500.0,50.0,17600.0,17800.0,17500.0,150066.0
4138,4138,2015.02.27,18200.0,700.0,17950.0,18350.0,17850.0,276191.0
4139,4139,2015.03.02,18100.0,100.0,18500.0,18500.0,17750.0,194466.0
4140,4140,2015.03.03,18200.0,100.0,18100.0,18250.0,17900.0,129897.0
4141,4141,2015.03.04,18300.0,100.0,18700.0,19100.0,18300.0,415085.0
4142,4142,2015.03.05,18550.0,250.0,18600.0,19000.0,18200.0,467110.0
4143,4143,2015.03.06,19700.0,1150.0,18750.0,19850.0,18750.0,715838.0
4144,4144,2015.03.09,19550.0,150.0,19900.0,20300.0,19400.0,347116.0
4145,4145,2015.03.10,18800.0,750.0,19700.0,19750.0,18500.0,381591.0
4146,4146,2015.03.11,18850.0,50.0,18450.0,19200.0,18450.0,217158.0
4147,4147,2015.03.12,19000.0,150.0,19000.0,19350.0,18950.0,192933.0
4148,4148,2015.03.13,19350.0,350.0,19100.0,19350.0,18950.0,179615.0
4149,4149,2015.03.16,19250.0,100.0,19500.0,19500.0,18900.0,175424.0
4150,4150,2015.03.17,19000.0,250.0,19350.0,19350.0,18850.0,163536.0
4151,4151,2015.03.18,18650.0,350.0,18800.0,19050.0,18650.0,167817.0
4152,4152,2015.03.19,18300.0,350.0,18700.0,18800.0,18250.0,237493.0
4153,4153,2015.03.20,18100.0,200.0,18250.0,18450.0,17850.0,211478.0
4154,4154,2015.03.23,18150.0,50.0,18100.0,18300.0,18050.0,103210.0
4155,4155,2015.03.24,18050.0,100.0,18100.0,18400.0,18000.0,121408.0
4156,4156,2015.03.25,17800.0,250.0,18050.0,18350.0,17750.0,207359.0
4157,4157,2015.03.26,17550.0,250.0,17700.0,17950.0,17500.0,209537.0
4158,4158,2015.03.27,17700.0,150.0,17700.0,17750.0,17250.0,151770.0
4159,4159,2015.03.30,17600.0,100.0,17750.0,17750.0,17300.0,199062.0
4160,4160,2015.03.31,18300.0,700.0,17650.0,18300.0,17450.0,264772.0
4161,4161,2015.04.01,18200.0,100.0,18300.0,18550.0,18000.0,167884.0
4162,4162,2015.04.02,18100.0,100.0,18250.0,18450.0,18100.0,152011.0
4163,4163,2015.04.03,18400.0,300.0,18200.0,18700.0,18200.0,190602.0
4164,4164,2015.04.06,18000.0,400.0,18400.0,18550.0,18000.0,125318.0
4165,4165,2015.04.07,17700.0,300.0,18000.0,18200.0,17650.0,192934.0
4166,4166,2015.04.08,17100.0,600.0,17600.0,17900.0,17000.0,572369.0
4167,4167,2015.04.09,17150.0,50.0,17150.0,17250.0,16850.0,256340.0
4168,4168,2015.04.10,17100.0,50.0,17050.0,17300.0,17050.0,181410.0
4169,4169,2015.04.13,17300.0,200.0,17300.0,17350.0,16900.0,215103.0
4170,4170,2015.04.14,17200.0,100.0,17250.0,17300.0,16900.0,255089.0
4171,4171,2015.04.15,18900.0,1700.0,17250.0,19050.0,17050.0,1035250.0
4172,4172,2015.04.16,19150.0,250.0,19050.0,19500.0,18750.0,852226.0
4173,4173,2015.04.17,19000.0,150.0,19400.0,19450.0,18900.0,298388.0
4174,4174,2015.04.20,18700.0,300.0,18850.0,19300.0,18500.0,411463.0
4175,4175,2015.04.21,19600.0,900.0,18650.0,19700.0,18400.0,740950.0
4176,4176,2015.04.22,19300.0,300.0,19750.0,19900.0,18400.0,477295.0
4177,4177,2015.04.23,19450.0,150.0,19550.0,19800.0,18850.0,401839.0
4178,4178,2015.04.24,19250.0,200.0,19650.0,19750.0,19050.0,213784.0
4179,4179,2015.04.27,20400.0,1150.0,19350.0,20750.0,19350.0,736653.0
4180,4180,2015.04.28,20150.0,250.0,20850.0,20900.0,19800.0,562231.0
4181,4181,2015.04.29,20650.0,500.0,20450.0,20650.0,19900.0,448053.0
4182,4182,2015.04.30,20150.0,500.0,20800.0,20800.0,20000.0,277545.0
4183,4183,2015.05.04,20400.0,250.0,20250.0,20500.0,20100.0,216971.0
4184,4184,2015.05.06,19900.0,500.0,20150.0,20300.0,19500.0,241923.0
4185,4185,2015.05.07,20750.0,850.0,19750.0,20750.0,19750.0,366967.0
4186,4186,2015.05.08,21050.0,300.0,20800.0,21450.0,20550.0,458369.0
4187,4187,2015.05.11,21150.0,100.0,21250.0,21250.0,20600.0,220514.0
4188,4188,2015.05.12,20500.0,650.0,21150.0,21200.0,20350.0,298261.0
4189,4189,2015.05.13,20700.0,200.0,20350.0,20750.0,20200.0,182235.0
4190,4190,2015.05.14,21050.0,350.0,20550.0,21100.0,20450.0,215372.0
4191,4191,2015.05.15,21050.0,0.0,21250.0,21550.0,20850.0,229193.0
4192,4192,2015.05.18,21000.0,50.0,21250.0,21450.0,20800.0,185011.0
4193,4193,2015.05.19,19500.0,1500.0,21050.0,21150.0,19500.0,538757.0
4194,4194,2015.05.20,19400.0,100.0,19550.0,19750.0,19100.0,409417.0
4195,4195,2015.05.21,19050.0,350.0,19400.0,19500.0,18400.0,551244.0
4196,4196,2015.05.22,18950.0,100.0,19250.0,19700.0,18700.0,372795.0
4197,4197,2015.05.26,19000.0,50.0,19200.0,19300.0,18800.0,270866.0
4198,4198,2015.05.27,18450.0,550.0,18900.0,18950.0,18300.0,187380.0
4199,4199,2015.05.28,18800.0,350.0,18550.0,19100.0,18550.0,171799.0
4200,4200,2015.05.29,18650.0,150.0,18600.0,18900.0,18500.0,154486.0
4201,4201,2015.06.01,18700.0,50.0,18650.0,18750.0,18400.0,90698.0
4202,4202,2015.06.02,18500.0,200.0,18800.0,18800.0,18200.0,130833.0
4203,4203,2015.06.03,17850.0,650.0,18500.0,18700.0,17850.0,241801.0
4204,4204,2015.06.04,17500.0,350.0,17850.0,18050.0,17400.0,264466.0
4205,4205,2015.06.05,17800.0,300.0,17550.0,17800.0,17400.0,128786.0
4206,4206,2015.06.08,17450.0,350.0,17800.0,17850.0,17250.0,201110.0
4207,4207,2015.06.09,17850.0,400.0,17600.0,18050.0,17350.0,199575.0
4208,4208,2015.06.10,18800.0,950.0,18100.0,18900.0,18000.0,286352.0
4209,4209,2015.06.11,18450.0,350.0,18800.0,18850.0,18350.0,139612.0
4210,4210,2015.06.12,18400.0,50.0,18400.0,19000.0,18350.0,138875.0
4211,4211,2015.06.15,18650.0,250.0,18500.0,18900.0,18400.0,121243.0
4212,4212,2015.06.16,17800.0,850.0,18750.0,18800.0,17750.0,150654.0
4213,4213,2015.06.17,17950.0,150.0,17800.0,18150.0,17700.0,173836.0
4214,4214,2015.06.18,17850.0,100.0,18000.0,18250.0,17700.0,162538.0
4215,4215,2015.06.19,17750.0,100.0,18000.0,18150.0,17650.0,100624.0
4216,4216,2015.06.22,17450.0,300.0,17750.0,17950.0,17300.0,220469.0
4217,4217,2015.06.23,17700.0,250.0,17550.0,17950.0,17500.0,227382.0
4218,4218,2015.06.24,18100.0,400.0,17900.0,18650.0,17750.0,390416.0
4219,4219,2015.06.25,18250.0,150.0,18100.0,18450.0,17900.0,347276.0
4220,4220,2015.06.26,18050.0,200.0,18350.0,18500.0,18050.0,126333.0
4221,4221,2015.06.29,18000.0,50.0,17850.0,18650.0,17700.0,288411.0
4222,4222,2015.06.30,18000.0,0.0,18000.0,18000.0,17250.0,268451.0
4223,4223,2015.07.01,17950.0,50.0,17850.0,18250.0,17850.0,166659.0
4224,4224,2015.07.02,18600.0,650.0,18200.0,18850.0,18100.0,342693.0
4225,4225,2015.07.03,18800.0,200.0,18750.0,19050.0,18500.0,294217.0
4226,4226,2015.07.06,19100.0,300.0,18700.0,19450.0,18650.0,449798.0
4227,4227,2015.07.07,19900.0,800.0,20050.0,20250.0,19350.0,843717.0
4228,4228,2015.07.08,19750.0,150.0,19850.0,20150.0,19450.0,282551.0
4229,4229,2015.07.09,19100.0,650.0,19400.0,19450.0,18650.0,316786.0
4230,4230,2015.07.10,19750.0,650.0,19000.0,20000.0,18700.0,330018.0
4231,4231,2015.07.13,19450.0,300.0,20050.0,20150.0,19450.0,293131.0
4232,4232,2015.07.14,19150.0,300.0,19600.0,19750.0,19150.0,264889.0
4233,4233,2015.07.15,20100.0,950.0,19300.0,20250.0,19150.0,406884.0
4234,4234,2015.07.16,20950.0,850.0,20200.0,20950.0,19950.0,611236.0
4235,4235,2015.07.17,21050.0,100.0,21000.0,21150.0,20300.0,374771.0
4236,4236,2015.07.20,21700.0,650.0,21100.0,21900.0,21050.0,448832.0
4237,4237,2015.07.21,21000.0,700.0,21950.0,22000.0,20950.0,319691.0
4238,4238,2015.07.22,20700.0,300.0,20850.0,21300.0,20450.0,197446.0
4239,4239,2015.07.23,20550.0,150.0,20800.0,21100.0,20550.0,141406.0
4240,4240,2015.07.24,20400.0,150.0,20550.0,20750.0,20300.0,181685.0
4241,4241,2015.07.27,20400.0,0.0,20400.0,20650.0,20100.0,149943.0
4242,4242,2015.07.28,19550.0,850.0,20100.0,20300.0,19150.0,297360.0
4243,4243,2015.07.29,19250.0,300.0,20000.0,20150.0,19250.0,330596.0
4244,4244,2015.07.30,21600.0,2350.0,19800.0,22000.0,19650.0,1221734.0
4245,4245,2015.07.31,20900.0,700.0,21700.0,21700.0,20550.0,576461.0
4246,4246,2015.08.03,21150.0,250.0,20950.0,21500.0,20700.0,360180.0
4247,4247,2015.08.04,22400.0,1250.0,21050.0,22500.0,20750.0,783531.0
4248,4248,2015.08.05,22250.0,150.0,22700.0,22750.0,22100.0,320613.0
4249,4249,2015.08.06,24000.0,1750.0,23000.0,24100.0,22300.0,1209092.0
4250,4250,2015.08.07,24400.0,400.0,24250.0,25150.0,23750.0,815248.0
4251,4251,2015.08.10,24250.0,150.0,24650.0,25350.0,24050.0,521393.0
4252,4252,2015.08.11,23650.0,600.0,24600.0,24800.0,23550.0,402348.0
4253,4253,2015.08.12,24500.0,850.0,23400.0,24500.0,22800.0,470750.0
4254,4254,2015.08.13,24450.0,50.0,24500.0,24500.0,23400.0,278090.0
4255,4255,2015.08.17,26400.0,1950.0,24900.0,26500.0,24500.0,799302.0
4256,4256,2015.08.18,26300.0,100.0,26500.0,27550.0,25950.0,977216.0
4257,4257,2015.08.19,25250.0,1050.0,25800.0,26150.0,24300.0,531777.0
4258,4258,2015.08.20,23950.0,1300.0,25000.0,25500.0,23700.0,321191.0
4259,4259,2015.08.21,23550.0,400.0,22800.0,23850.0,22500.0,511621.0
4260,4260,2015.08.24,23150.0,400.0,23500.0,24250.0,22800.0,411486.0
4261,4261,2015.08.25,24400.0,1250.0,23600.0,24600.0,23000.0,349200.0
4262,4262,2015.08.26,25100.0,700.0,24550.0,25100.0,23850.0,355239.0
4263,4263,2015.08.27,25000.0,100.0,25450.0,25650.0,24650.0,245451.0
4264,4264,2015.08.28,25300.0,300.0,25350.0,25650.0,24700.0,208525.0
4265,4265,2015.08.31,25650.0,350.0,25500.0,26200.0,25150.0,181361.0
4266,4266,2015.09.01,24850.0,800.0,25700.0,25900.0,24300.0,154136.0
4267,4267,2015.09.02,24000.0,850.0,24350.0,24400.0,23500.0,244852.0
4268,4268,2015.09.03,23350.0,650.0,24200.0,24450.0,23000.0,271144.0
4269,4269,2015.09.04,22650.0,700.0,23650.0,23650.0,22500.0,289150.0
4270,4270,2015.09.07,23000.0,350.0,22650.0,23300.0,22650.0,162113.0
4271,4271,2015.09.08,22450.0,550.0,22850.0,23250.0,22150.0,144081.0
4272,4272,2015.09.09,23200.0,750.0,22850.0,23500.0,22700.0,171228.0
4273,4273,2015.09.10,23300.0,100.0,23000.0,23400.0,22550.0,94737.0
4274,4274,2015.09.11,24200.0,900.0,23200.0,24300.0,23050.0,210661.0
4275,4275,2015.09.14,23750.0,450.0,24300.0,24300.0,23650.0,101659.0
4276,4276,2015.09.15,24350.0,600.0,23950.0,24500.0,23650.0,150758.0
4277,4277,2015.09.16,24100.0,250.0,24550.0,24600.0,23650.0,178264.0
4278,4278,2015.09.17,23400.0,700.0,24350.0,24350.0,22950.0,253396.0
4279,4279,2015.09.18,23850.0,450.0,23500.0,23850.0,23100.0,222202.0
4280,4280,2015.09.21,23500.0,350.0,23800.0,23900.0,23200.0,110840.0
4281,4281,2015.09.22,23550.0,50.0,23300.0,23800.0,23000.0,157833.0
4282,4282,2015.09.23,22650.0,900.0,23150.0,23450.0,22600.0,136993.0
4283,4283,2015.09.24,22700.0,50.0,22900.0,23200.0,22500.0,121703.0
4284,4284,2015.09.25,23200.0,500.0,22600.0,23200.0,22350.0,121020.0
4285,4285,2015.09.30,23900.0,700.0,23100.0,23950.0,22450.0,157559.0
4286,4286,2015.10.01,23750.0,150.0,23900.0,23950.0,23150.0,142507.0
4287,4287,2015.10.02,23200.0,550.0,23750.0,23750.0,23150.0,86913.0
4288,4288,2015.10.05,22450.0,750.0,23050.0,23350.0,22450.0,165117.0
4289,4289,2015.10.06,22550.0,100.0,22450.0,23000.0,22300.0,90456.0
4290,4290,2015.10.07,21550.0,1000.0,22550.0,22800.0,21500.0,223407.0
4291,4291,2015.10.08,21850.0,300.0,21600.0,21950.0,21600.0,73367.0
4292,4292,2015.10.12,21600.0,250.0,21900.0,21950.0,21450.0,114699.0
4293,4293,2015.10.13,21950.0,350.0,21600.0,21950.0,21350.0,99130.0
4294,4294,2015.10.14,22250.0,300.0,21750.0,22500.0,21750.0,86027.0
4295,4295,2015.10.15,22400.0,150.0,22150.0,22400.0,21750.0,63129.0
4296,4296,2015.10.16,21700.0,700.0,22250.0,22350.0,21700.0,90142.0
4297,4297,2015.10.19,21750.0,50.0,21950.0,22000.0,21450.0,70945.0
4298,4298,2015.10.20,21900.0,150.0,21800.0,22150.0,21550.0,56031.0
4299,4299,2015.10.21,21700.0,200.0,21900.0,22050.0,21600.0,58046.0
4300,4300,2015.10.22,21150.0,550.0,21700.0,21850.0,20850.0,135541.0
4301,4301,2015.10.23,21150.0,0.0,21300.0,21500.0,20950.0,69296.0
4302,4302,2015.10.26,21900.0,750.0,21700.0,22050.0,21350.0,94688.0
4303,4303,2015.10.27,21800.0,100.0,21850.0,22050.0,21600.0,57730.0
4304,4304,2015.10.28,22150.0,350.0,22100.0,22800.0,22100.0,179518.0
4305,4305,2015.10.29,21550.0,600.0,22350.0,22500.0,21400.0,124576.0
4306,4306,2015.10.30,20850.0,700.0,21350.0,21650.0,20700.0,122087.0
4307,4307,2015.11.02,21100.0,250.0,21000.0,21350.0,20700.0,67402.0
4308,4308,2015.11.03,21350.0,250.0,21100.0,21700.0,21100.0,62793.0
4309,4309,2015.11.04,21250.0,100.0,21350.0,21650.0,20900.0,65842.0
4310,4310,2015.11.05,20700.0,550.0,21050.0,21350.0,20500.0,120599.0
4311,4311,2015.11.06,20750.0,50.0,20650.0,21100.0,20400.0,93478.0
4312,4312,2015.11.09,20000.0,750.0,20800.0,20800.0,19950.0,128715.0
4313,4313,2015.11.10,19650.0,350.0,19650.0,20350.0,19650.0,95091.0
4314,4314,2015.11.11,20200.0,550.0,19600.0,20200.0,19600.0,71498.0
4315,4315,2015.11.12,20100.0,100.0,19950.0,20450.0,19850.0,123217.0
4316,4316,2015.11.13,20500.0,400.0,19950.0,20500.0,19650.0,102864.0
4317,4317,2015.11.16,19450.0,1050.0,20100.0,20200.0,19050.0,224668.0
4318,4318,2015.11.17,19500.0,50.0,19650.0,19900.0,19350.0,107653.0
4319,4319,2015.11.18,20100.0,600.0,19250.0,20500.0,19250.0,167849.0
4320,4320,2015.11.19,20200.0,100.0,20400.0,20600.0,19950.0,66431.0
4321,4321,2015.11.20,19850.0,350.0,20050.0,20300.0,19800.0,99689.0
4322,4322,2015.11.23,19650.0,200.0,20000.0,20100.0,19650.0,76651.0
4323,4323,2015.11.24,19700.0,50.0,19700.0,20150.0,19600.0,102163.0
4324,4324,2015.11.25,21000.0,1300.0,19700.0,21250.0,19700.0,303714.0
4325,4325,2015.11.26,21850.0,850.0,21400.0,22500.0,20950.0,229404.0
4326,4326,2015.11.27,22150.0,300.0,21950.0,22150.0,21600.0,104771.0
4327,4327,2015.11.30,22000.0,150.0,22150.0,22850.0,21700.0,171840.0
4328,4328,2015.12.01,22800.0,800.0,22500.0,23000.0,22050.0,137592.0
4329,4329,2015.12.02,22300.0,500.0,22800.0,22800.0,22250.0,157861.0
4330,4330,2015.12.03,23400.0,1100.0,22600.0,23400.0,22150.0,163983.0
4331,4331,2015.12.04,22900.0,500.0,23200.0,23650.0,22900.0,147742.0
4332,4332,2015.12.07,22400.0,500.0,22700.0,23050.0,22350.0,114298.0
4333,4333,2015.12.08,22200.0,200.0,22400.0,23150.0,22050.0,121787.0
4334,4334,2015.12.09,22500.0,300.0,21900.0,22900.0,21900.0,75740.0
4335,4335,2015.12.10,22600.0,100.0,22750.0,22800.0,21800.0,63159.0
4336,4336,2015.12.11,22150.0,450.0,22550.0,22600.0,22100.0,44809.0
4337,4337,2015.12.14,21700.0,450.0,21650.0,22400.0,21600.0,48101.0
4338,4338,2015.12.15,22150.0,450.0,21800.0,22200.0,21800.0,53812.0
4339,4339,2015.12.16,21900.0,250.0,22450.0,22600.0,21900.0,262572.0
4340,4340,2015.12.17,22550.0,650.0,22450.0,23000.0,22000.0,307438.0
4341,4341,2015.12.18,24400.0,1850.0,22450.0,24450.0,22400.0,447142.0
4342,4342,2015.12.21,24200.0,200.0,24400.0,24700.0,23950.0,125908.0
4343,4343,2015.12.22,23600.0,600.0,24100.0,24300.0,23350.0,152795.0
4344,4344,2015.12.23,23500.0,100.0,23850.0,23900.0,23200.0,93061.0
4345,4345,2015.12.24,22950.0,550.0,23500.0,23850.0,22950.0,102191.0
4346,4346,2015.12.28,22500.0,450.0,22050.0,22750.0,21950.0,241605.0
4347,4347,2015.12.29,23050.0,550.0,22600.0,23250.0,22600.0,140349.0
4348,4348,2015.12.30,23400.0,350.0,23100.0,23650.0,23000.0,96156.0
4349,4349,2016.01.04,22250.0,1150.0,23550.0,23700.0,22250.0,150797.0
4350,4350,2016.01.05,22500.0,250.0,22000.0,22500.0,21800.0,138066.0
4351,4351,2016.01.06,21750.0,750.0,22400.0,22600.0,21450.0,215676.0
4352,4352,2016.01.07,21250.0,500.0,21650.0,21700.0,20700.0,178371.0
4353,4353,2016.01.08,21200.0,50.0,20800.0,21400.0,20400.0,136698.0
4354,4354,2016.01.11,21000.0,200.0,20800.0,21550.0,20800.0,92203.0
4355,4355,2016.01.12,21250.0,250.0,21100.0,21600.0,21050.0,71609.0
4356,4356,2016.01.13,21400.0,150.0,21350.0,21550.0,21200.0,91436.0
4357,4357,2016.01.14,21000.0,400.0,21000.0,21350.0,20600.0,94312.0
4358,4358,2016.01.15,21450.0,450.0,21100.0,21750.0,21100.0,90793.0
4359,4359,2016.01.18,21050.0,400.0,21250.0,21250.0,20650.0,89217.0
4360,4360,2016.01.19,20750.0,300.0,21000.0,21050.0,20600.0,89371.0
4361,4361,2016.01.20,20000.0,750.0,20850.0,21000.0,19400.0,179984.0
4362,4362,2016.01.21,19250.0,750.0,20000.0,20200.0,19250.0,188549.0
4363,4363,2016.01.22,19600.0,350.0,19350.0,19800.0,19200.0,134510.0
4364,4364,2016.01.25,20250.0,650.0,20000.0,20400.0,19800.0,116401.0
4365,4365,2016.01.26,20250.0,0.0,20100.0,20450.0,19500.0,153091.0
4366,4366,2016.01.27,21400.0,1150.0,22200.0,24400.0,21400.0,1122311.0
4367,4367,2016.01.28,22750.0,1350.0,21350.0,22800.0,21150.0,335748.0
4368,4368,2016.01.29,22250.0,500.0,22800.0,23850.0,21800.0,474947.0
4369,4369,2016.02.01,22000.0,250.0,22250.0,22350.0,21500.0,176862.0
4370,4370,2016.02.02,22350.0,350.0,21700.0,22600.0,21550.0,151978.0
4371,4371,2016.02.03,22600.0,250.0,22100.0,22800.0,21800.0,164604.0
4372,4372,2016.02.04,23200.0,600.0,22900.0,23350.0,22500.0,172909.0
4373,4373,2016.02.05,22400.0,800.0,23400.0,23550.0,22400.0,152382.0
4374,4374,2016.02.11,20600.0,1800.0,21600.0,21750.0,20600.0,231005.0
4375,4375,2016.02.12,20050.0,550.0,20200.0,20800.0,18950.0,354223.0
4376,4376,2016.02.15,20250.0,200.0,20050.0,20350.0,19750.0,177303.0
4377,4377,2016.02.16,20650.0,400.0,20400.0,20950.0,20400.0,134863.0
4378,4378,2016.02.17,20800.0,150.0,20700.0,21250.0,20450.0,169302.0
4379,4379,2016.02.18,21650.0,850.0,21050.0,21750.0,20950.0,182984.0
4380,4380,2016.02.19,21550.0,100.0,21750.0,21900.0,21250.0,89051.0
4381,4381,2016.02.22,22100.0,550.0,21750.0,22150.0,21500.0,108335.0
4382,4382,2016.02.23,22050.0,50.0,22400.0,22600.0,22050.0,113542.0
4383,4383,2016.02.24,21400.0,650.0,22150.0,22500.0,21350.0,137419.0
4384,4384,2016.02.25,21400.0,0.0,21550.0,22000.0,21050.0,111210.0
4385,4385,2016.02.26,21250.0,150.0,21200.0,21600.0,20550.0,170928.0
4386,4386,2016.02.29,21650.0,400.0,21000.0,21650.0,20600.0,89714.0
4387,4387,2016.03.02,21350.0,300.0,21800.0,21850.0,21250.0,75903.0
4388,4388,2016.03.03,21200.0,150.0,21400.0,21500.0,21000.0,55031.0
4389,4389,2016.03.04,21000.0,200.0,21050.0,21200.0,20850.0,67842.0
4390,4390,2016.03.07,20850.0,150.0,21000.0,21300.0,20850.0,66608.0
4391,4391,2016.03.08,21150.0,300.0,20950.0,21150.0,20600.0,78119.0
4392,4392,2016.03.09,20950.0,200.0,21150.0,21200.0,20650.0,88807.0
4393,4393,2016.03.10,21250.0,300.0,21000.0,21250.0,20900.0,36582.0
4394,4394,2016.03.11,21000.0,250.0,21300.0,21300.0,20800.0,47669.0
4395,4395,2016.03.14,20650.0,350.0,21000.0,21050.0,20650.0,64421.0
4396,4396,2016.03.15,20200.0,450.0,20600.0,20850.0,20150.0,98633.0
4397,4397,2016.03.16,20250.0,50.0,20200.0,20500.0,19950.0,142417.0
4398,4398,2016.03.17,20200.0,50.0,20250.0,20450.0,20100.0,48899.0
4399,4399,2016.03.18,20200.0,0.0,20200.0,20550.0,20000.0,95662.0
4400,4400,2016.03.21,20050.0,150.0,20350.0,20350.0,19950.0,94541.0
4401,4401,2016.03.22,19850.0,200.0,20100.0,20300.0,19750.0,119148.0
4402,4402,2016.03.23,19950.0,100.0,19950.0,20250.0,19850.0,82537.0
4403,4403,2016.03.24,19750.0,200.0,20000.0,20050.0,19700.0,66011.0
4404,4404,2016.03.25,19800.0,50.0,19750.0,19950.0,19450.0,109778.0
4405,4405,2016.03.28,19250.0,550.0,19850.0,19950.0,18850.0,228176.0
4406,4406,2016.03.29,19200.0,50.0,19250.0,19450.0,19000.0,126513.0
4407,4407,2016.03.30,19250.0,50.0,19550.0,19550.0,19100.0,94172.0
4408,4408,2016.03.31,19250.0,0.0,19350.0,19400.0,19000.0,104824.0
4409,4409,2016.04.01,18900.0,350.0,19150.0,19250.0,18750.0,173742.0
4410,4410,2016.04.04,18850.0,50.0,18950.0,19150.0,18800.0,92299.0
4411,4411,2016.04.05,19150.0,300.0,18900.0,19300.0,18900.0,92430.0
4412,4412,2016.04.06,19200.0,50.0,19100.0,19400.0,19100.0,67583.0
4413,4413,2016.04.07,20100.0,900.0,19350.0,20300.0,19200.0,254373.0
4414,4414,2016.04.08,20150.0,50.0,20050.0,20400.0,19950.0,75769.0
4415,4415,2016.04.11,19850.0,300.0,20150.0,20150.0,19650.0,84941.0
4416,4416,2016.04.12,19800.0,50.0,20000.0,20050.0,19600.0,77922.0
4417,4417,2016.04.14,19900.0,100.0,20000.0,20000.0,19550.0,63714.0
4418,4418,2016.04.15,19850.0,50.0,19900.0,19900.0,19550.0,84303.0
4419,4419,2016.04.18,20050.0,200.0,19850.0,20200.0,19850.0,74676.0
4420,4420,2016.04.19,20050.0,0.0,20100.0,20150.0,19850.0,56307.0
4421,4421,2016.04.20,20100.0,50.0,20000.0,20400.0,20000.0,65239.0
4422,4422,2016.04.21,20850.0,750.0,20300.0,21150.0,20100.0,257803.0
4423,4423,2016.04.22,20800.0,50.0,20850.0,21000.0,20550.0,103758.0
4424,4424,2016.04.25,20800.0,0.0,20700.0,21150.0,20600.0,98678.0
4425,4425,2016.04.26,20550.0,250.0,20950.0,20950.0,20450.0,77026.0
4426,4426,2016.04.27,20300.0,250.0,20800.0,20900.0,20200.0,112504.0
4427,4427,2016.04.28,20700.0,400.0,20550.0,21200.0,20400.0,114634.0
4428,4428,2016.04.29,21350.0,650.0,20950.0,21450.0,20500.0,161939.0
4429,4429,2016.05.02,20950.0,400.0,21450.0,21750.0,20850.0,77630.0
4430,4430,2016.05.03,21650.0,700.0,21150.0,21700.0,20900.0,149269.0
4431,4431,2016.05.04,21700.0,50.0,21400.0,21950.0,21300.0,124782.0
4432,4432,2016.05.09,20700.0,1000.0,21700.0,21700.0,20700.0,137262.0
4433,4433,2016.05.10,21100.0,400.0,20800.0,21200.0,20750.0,58611.0
4434,4434,2016.05.11,21050.0,50.0,21100.0,21250.0,20900.0,47435.0
4435,4435,2016.05.12,21400.0,350.0,20900.0,21450.0,20750.0,63227.0
4436,4436,2016.05.13,21500.0,100.0,21400.0,21550.0,21150.0,51029.0
4437,4437,2016.05.16,20950.0,550.0,21350.0,21500.0,20950.0,46824.0
4438,4438,2016.05.17,20850.0,100.0,20950.0,21100.0,20700.0,86796.0
4439,4439,2016.05.18,20200.0,650.0,20650.0,20850.0,19950.0,137881.0
4440,4440,2016.05.19,20150.0,50.0,20400.0,20400.0,19700.0,71197.0
4441,4441,2016.05.20,20300.0,150.0,20150.0,20400.0,19750.0,37480.0
4442,4442,2016.05.23,20400.0,100.0,20300.0,20500.0,20150.0,49675.0
4443,4443,2016.05.24,20500.0,100.0,20300.0,20600.0,20300.0,46992.0
4444,4444,2016.05.25,20300.0,200.0,20550.0,20600.0,20200.0,43964.0
4445,4445,2016.05.26,19900.0,400.0,20300.0,20400.0,19800.0,72511.0
4446,4446,2016.05.27,19950.0,50.0,19800.0,20450.0,19800.0,71355.0
4447,4447,2016.05.30,20300.0,350.0,20000.0,20450.0,19650.0,123454.0
4448,4448,2016.05.31,20100.0,200.0,20350.0,20450.0,19850.0,96271.0
4449,4449,2016.06.01,19900.0,200.0,20000.0,20050.0,19600.0,75526.0
4450,4450,2016.06.02,19700.0,200.0,19900.0,20000.0,19650.0,72113.0
4451,4451,2016.06.03,19950.0,250.0,19700.0,20100.0,19700.0,64138.0
4452,4452,2016.06.07,19800.0,150.0,19950.0,20050.0,19700.0,37875.0
4453,4453,2016.06.08,19850.0,50.0,19750.0,20000.0,19700.0,41075.0
4454,4454,2016.06.09,20400.0,550.0,19750.0,20950.0,19750.0,158465.0
4455,4455,2016.06.10,20200.0,200.0,20350.0,20400.0,20050.0,55553.0
4456,4456,2016.06.13,19600.0,600.0,20300.0,20300.0,19550.0,86461.0
4457,4457,2016.06.14,19300.0,300.0,19600.0,19800.0,19050.0,130923.0
4458,4458,2016.06.15,18700.0,600.0,19050.0,19300.0,18600.0,229583.0
4459,4459,2016.06.16,18400.0,300.0,18800.0,18900.0,18400.0,110370.0
4460,4460,2016.06.17,18700.0,300.0,18650.0,18850.0,18300.0,101363.0
4461,4461,2016.06.20,19300.0,600.0,18700.0,19300.0,18650.0,113863.0
4462,4462,2016.06.21,19150.0,150.0,19200.0,19250.0,18950.0,54600.0
4463,4463,2016.06.22,19100.0,50.0,19150.0,19250.0,18950.0,73500.0
4464,4464,2016.06.23,18650.0,450.0,18900.0,19050.0,18600.0,133991.0
4465,4465,2016.06.24,17900.0,750.0,18900.0,19200.0,17000.0,298847.0
4466,4466,2016.06.27,17750.0,150.0,17300.0,18000.0,16900.0,321668.0
4467,4467,2016.06.28,18350.0,600.0,17350.0,18550.0,17350.0,231915.0
4468,4468,2016.06.29,18700.0,350.0,18700.0,19000.0,18500.0,166954.0
4469,4469,2016.06.30,18650.0,50.0,18700.0,18950.0,18600.0,61360.0
4470,4470,2016.07.01,19350.0,700.0,19000.0,19400.0,18900.0,132626.0
4471,4471,2016.07.04,19550.0,200.0,19200.0,19600.0,19150.0,65481.0
4472,4472,2016.07.05,19350.0,200.0,19500.0,19500.0,19050.0,69996.0
4473,4473,2016.07.06,19450.0,100.0,19350.0,19450.0,18950.0,107829.0
4474,4474,2016.07.07,20050.0,600.0,19500.0,20100.0,19450.0,167289.0
4475,4475,2016.07.08,19650.0,400.0,20050.0,20100.0,19650.0,61477.0
4476,4476,2016.07.11,19600.0,50.0,19750.0,20000.0,19450.0,38946.0
4477,4477,2016.07.12,19250.0,350.0,19600.0,19850.0,19050.0,145182.0
4478,4478,2016.07.13,19450.0,200.0,19500.0,19650.0,19200.0,69176.0
4479,4479,2016.07.14,19400.0,50.0,19550.0,19550.0,19100.0,68236.0
4480,4480,2016.07.15,19800.0,400.0,19550.0,19900.0,19450.0,95662.0
4481,4481,2016.07.18,19750.0,50.0,19800.0,20350.0,19700.0,249996.0
4482,4482,2016.07.19,20150.0,400.0,19650.0,20300.0,19650.0,155115.0
4483,4483,2016.07.20,20350.0,200.0,20350.0,20850.0,20100.0,370066.0
4484,4484,2016.07.21,20300.0,50.0,20500.0,20500.0,20000.0,70163.0
4485,4485,2016.07.22,19850.0,450.0,20350.0,20350.0,19800.0,72080.0
4486,4486,2016.07.25,19600.0,250.0,19950.0,20000.0,19550.0,42938.0
4487,4487,2016.07.26,19500.0,100.0,19550.0,19850.0,19500.0,41519.0
4488,4488,2016.07.27,19250.0,250.0,19600.0,19600.0,19150.0,72489.0
4489,4489,2016.07.28,19100.0,150.0,19400.0,19500.0,18950.0,116867.0
4490,4490,2016.07.29,19350.0,250.0,19300.0,19450.0,19100.0,53128.0
4491,4491,2016.08.01,19800.0,450.0,19350.0,20000.0,19300.0,122687.0
4492,4492,2016.08.02,19800.0,0.0,19900.0,19900.0,19350.0,68434.0
4493,4493,2016.08.03,19250.0,550.0,19750.0,19950.0,19250.0,93588.0
4494,4494,2016.08.04,19400.0,150.0,19300.0,19500.0,19250.0,56154.0
4495,4495,2016.08.05,18850.0,550.0,19400.0,19500.0,18750.0,106574.0
4496,4496,2016.08.08,18850.0,0.0,18900.0,19150.0,18750.0,76284.0
4497,4497,2016.08.09,19300.0,450.0,18950.0,19350.0,18800.0,95148.0
4498,4498,2016.08.10,18950.0,350.0,19300.0,19450.0,18900.0,100488.0
4499,4499,2016.08.11,18900.0,50.0,19000.0,19050.0,18600.0,90632.0
4500,4500,2016.08.12,18800.0,100.0,19050.0,19050.0,18700.0,56150.0
4501,4501,2016.08.16,18650.0,150.0,18850.0,18900.0,18650.0,45214.0
4502,4502,2016.08.17,18250.0,400.0,18600.0,18650.0,18000.0,103876.0
4503,4503,2016.08.18,18500.0,250.0,18250.0,18550.0,18100.0,66369.0
4504,4504,2016.08.19,18400.0,100.0,18450.0,18500.0,18250.0,36385.0
4505,4505,2016.08.22,18250.0,150.0,18400.0,18400.0,17900.0,106717.0
4506,4506,2016.08.23,18300.0,50.0,18300.0,18450.0,18150.0,33445.0
4507,4507,2016.08.24,18150.0,150.0,18400.0,18600.0,18150.0,55158.0
4508,4508,2016.08.25,18350.0,200.0,18100.0,18550.0,18050.0,66319.0
4509,4509,2016.08.26,18200.0,150.0,18400.0,18450.0,18100.0,63921.0
4510,4510,2016.08.29,17750.0,450.0,18100.0,18250.0,17700.0,109614.0
4511,4511,2016.08.30,17600.0,150.0,17700.0,17950.0,17450.0,83156.0
4512,4512,2016.08.31,17250.0,350.0,17500.0,17650.0,17100.0,128567.0
4513,4513,2016.09.01,17350.0,100.0,17300.0,17550.0,17200.0,79381.0
4514,4514,2016.09.02,17650.0,300.0,17300.0,17850.0,17300.0,96446.0
4515,4515,2016.09.05,17450.0,200.0,17950.0,17950.0,17400.0,67570.0
4516,4516,2016.09.06,17400.0,50.0,17550.0,17650.0,17300.0,67461.0
4517,4517,2016.09.07,17350.0,50.0,17500.0,17600.0,17300.0,46498.0
4518,4518,2016.09.08,16900.0,450.0,17300.0,17350.0,16900.0,126907.0
4519,4519,2016.09.09,16900.0,0.0,17050.0,17200.0,16800.0,89973.0
4520,4520,2016.09.12,16800.0,100.0,16700.0,17000.0,16400.0,177544.0
4521,4521,2016.09.13,16750.0,50.0,16850.0,17000.0,16700.0,93566.0
4522,4522,2016.09.19,17100.0,350.0,16850.0,17100.0,16600.0,104482.0
4523,4523,2016.09.20,17100.0,0.0,17150.0,17150.0,16850.0,65586.0
4524,4524,2016.09.21,17350.0,250.0,17100.0,17350.0,16950.0,90082.0
4525,4525,2016.09.22,17800.0,450.0,17550.0,17900.0,17550.0,139001.0
4526,4526,2016.09.23,18050.0,250.0,17750.0,18050.0,17700.0,70957.0
4527,4527,2016.09.26,17800.0,250.0,18200.0,18600.0,17800.0,168645.0
4528,4528,2016.09.27,17650.0,150.0,17850.0,17850.0,17400.0,86428.0
4529,4529,2016.09.28,17450.0,200.0,17700.0,17900.0,17400.0,67471.0
4530,4530,2016.09.29,17400.0,50.0,17450.0,17600.0,17350.0,46787.0
4531,4531,2016.09.30,17200.0,200.0,17500.0,17600.0,17000.0,62704.0
4532,4532,2016.10.04,17000.0,200.0,17200.0,17500.0,16900.0,115711.0
4533,4533,2016.10.05,17300.0,300.0,16950.0,17300.0,16900.0,175261.0
4534,4534,2016.10.06,17200.0,100.0,17450.0,17450.0,17000.0,64320.0
4535,4535,2016.10.07,16900.0,300.0,17200.0,17550.0,16900.0,121892.0
4536,4536,2016.10.10,16900.0,0.0,16950.0,17200.0,16900.0,51979.0
4537,4537,2016.10.11,17050.0,150.0,17050.0,17300.0,16900.0,51493.0
4538,4538,2016.10.12,17400.0,350.0,17100.0,17450.0,16950.0,63479.0
4539,4539,2016.10.13,17550.0,150.0,17400.0,17550.0,17350.0,46480.0
4540,4540,2016.10.14,17600.0,50.0,17550.0,17600.0,17350.0,40430.0
4541,4541,2016.10.17,17900.0,300.0,17700.0,18000.0,17400.0,98281.0
4542,4542,2016.10.18,17650.0,250.0,17850.0,17850.0,17600.0,52170.0
4543,4543,2016.10.19,17200.0,450.0,17550.0,17700.0,17100.0,63875.0
4544,4544,2016.10.20,17200.0,0.0,17250.0,17350.0,17100.0,38525.0
4545,4545,2016.10.21,17900.0,700.0,17250.0,17900.0,17100.0,108497.0
4546,4546,2016.10.24,17800.0,100.0,17900.0,17950.0,17650.0,69311.0
4547,4547,2016.10.25,17500.0,300.0,17700.0,17950.0,17500.0,66687.0
4548,4548,2016.10.26,17550.0,50.0,17550.0,17950.0,17300.0,123022.0
4549,4549,2016.10.27,17500.0,50.0,17600.0,17900.0,17500.0,75821.0
4550,4550,2016.10.28,17400.0,100.0,17550.0,17750.0,17350.0,65396.0
4551,4551,2016.10.31,17650.0,250.0,17550.0,17700.0,17300.0,71276.0
4552,4552,2016.11.01,17500.0,150.0,17500.0,17800.0,17500.0,41929.0
4553,4553,2016.11.02,17150.0,350.0,17400.0,17600.0,17150.0,89584.0
4554,4554,2016.11.03,17500.0,350.0,17100.0,17500.0,17100.0,46631.0
4555,4555,2016.11.04,17100.0,400.0,17400.0,17400.0,17050.0,58824.0
4556,4556,2016.11.07,17450.0,350.0,17150.0,17450.0,17100.0,37808.0
4557,4557,2016.11.08,17650.0,200.0,17500.0,17650.0,17300.0,49412.0
4558,4558,2016.11.09,17100.0,550.0,17650.0,18000.0,16800.0,220851.0
4559,4559,2016.11.10,17600.0,500.0,17550.0,17650.0,17300.0,95470.0
4560,4560,2016.11.11,17450.0,150.0,17550.0,17750.0,17400.0,59445.0
4561,4561,2016.11.14,17250.0,200.0,17400.0,17550.0,17150.0,58345.0
4562,4562,2016.11.15,17300.0,50.0,17250.0,17450.0,17150.0,53669.0
4563,4563,2016.11.16,17700.0,400.0,17350.0,17700.0,17350.0,74007.0
4564,4564,2016.11.17,17650.0,50.0,17750.0,17800.0,17400.0,42809.0
4565,4565,2016.11.18,17400.0,250.0,17650.0,17700.0,17250.0,59380.0
4566,4566,2016.11.21,17200.0,200.0,17400.0,17400.0,17100.0,38857.0
4567,4567,2016.11.22,17200.0,0.0,17250.0,17300.0,16900.0,75485.0
4568,4568,2016.11.23,16900.0,300.0,17300.0,17300.0,16900.0,61156.0
4569,4569,2016.11.24,16450.0,450.0,16950.0,17100.0,16450.0,138541.0
4570,4570,2016.11.25,16300.0,150.0,16450.0,16700.0,16050.0,156318.0
4571,4571,2016.11.28,16250.0,50.0,16350.0,16450.0,15850.0,115401.0
4572,4572,2016.11.29,16400.0,150.0,16200.0,16400.0,16100.0,46523.0
4573,4573,2016.11.30,16050.0,350.0,16650.0,16700.0,16050.0,68225.0
4574,4574,2016.12.01,16050.0,0.0,16150.0,16150.0,15850.0,62423.0
4575,4575,2016.12.02,15950.0,100.0,16000.0,16050.0,15850.0,48937.0
4576,4576,2016.12.05,15600.0,350.0,15950.0,15950.0,15500.0,63962.0
4577,4577,2016.12.06,15900.0,300.0,15600.0,15950.0,15600.0,62681.0
4578,4578,2016.12.07,16000.0,100.0,15900.0,16100.0,15700.0,39575.0
4579,4579,2016.12.08,16200.0,200.0,16300.0,16400.0,16050.0,78779.0
4580,4580,2016.12.09,16350.0,150.0,16200.0,16450.0,16200.0,46575.0
4581,4581,2016.12.12,16500.0,150.0,16450.0,16600.0,16300.0,72096.0
4582,4582,2016.12.13,16450.0,50.0,16500.0,16550.0,16200.0,63932.0
4583,4583,2016.12.14,16400.0,50.0,16500.0,16700.0,16300.0,61113.0
4584,4584,2016.12.15,16300.0,100.0,16350.0,16400.0,16100.0,76622.0
4585,4585,2016.12.16,16450.0,150.0,16300.0,16600.0,16300.0,41662.0
4586,4586,2016.12.19,16800.0,350.0,16550.0,16800.0,16450.0,42384.0
4587,4587,2016.12.20,16750.0,50.0,16950.0,16950.0,16600.0,56492.0
4588,4588,2016.12.21,16500.0,250.0,16850.0,16850.0,16500.0,35901.0
4589,4589,2016.12.22,16600.0,100.0,16550.0,16750.0,16450.0,46943.0
4590,4590,2016.12.23,16550.0,50.0,16650.0,16650.0,16450.0,40503.0
4591,4591,2016.12.26,16600.0,50.0,16700.0,16750.0,16550.0,49599.0
4592,4592,2016.12.27,16800.0,200.0,16650.0,16800.0,16650.0,52376.0
4593,4593,2016.12.28,16600.0,200.0,16650.0,16700.0,16400.0,62945.0
4594,4594,2016.12.29,16550.0,50.0,16550.0,16700.0,16350.0,29316.0
4595,4595,2017.01.02,16400.0,150.0,16550.0,16550.0,16200.0,34554.0
4596,4596,2017.01.03,16400.0,0.0,16400.0,16550.0,16200.0,58808.0
4597,4597,2017.01.04,16250.0,150.0,16500.0,16500.0,16100.0,76452.0
4598,4598,2017.01.05,16200.0,50.0,16250.0,16350.0,16050.0,77499.0
4599,4599,2017.01.06,16150.0,50.0,16100.0,16200.0,16050.0,58741.0
4600,4600,2017.01.09,16050.0,100.0,16250.0,16400.0,16000.0,48133.0
4601,4601,2017.01.10,16000.0,50.0,16050.0,16150.0,15850.0,71210.0
4602,4602,2017.01.11,16150.0,150.0,16050.0,16200.0,15900.0,70411.0
4603,4603,2017.01.12,16100.0,50.0,16100.0,16150.0,15950.0,36175.0
4604,4604,2017.01.13,15850.0,250.0,16000.0,16100.0,15700.0,120730.0
4605,4605,2017.01.16,15550.0,300.0,15850.0,15900.0,15450.0,109484.0
4606,4606,2017.01.17,15550.0,0.0,15450.0,15650.0,15400.0,103367.0
4607,4607,2017.01.18,15650.0,100.0,15550.0,15700.0,15450.0,63031.0
4608,4608,2017.01.19,15450.0,200.0,15600.0,15750.0,15450.0,66498.0
4609,4609,2017.01.20,15800.0,350.0,15800.0,16300.0,15700.0,245152.0
4610,4610,2017.01.23,15650.0,150.0,15800.0,15900.0,15600.0,48609.0
4611,4611,2017.01.24,15950.0,300.0,15650.0,16000.0,15650.0,71842.0
4612,4612,2017.01.25,15950.0,0.0,16100.0,16100.0,15750.0,39216.0
4613,4613,2017.01.26,16050.0,100.0,15950.0,16050.0,15700.0,47331.0
4614,4614,2017.01.31,16000.0,50.0,16100.0,16100.0,15800.0,43798.0
4615,4615,2017.02.01,16450.0,450.0,16200.0,16450.0,16000.0,78741.0
4616,4616,2017.02.02,16150.0,300.0,16450.0,16500.0,16100.0,39531.0
4617,4617,2017.02.03,15900.0,250.0,16200.0,16250.0,15800.0,79908.0
4618,4618,2017.02.06,16100.0,200.0,15900.0,16150.0,15800.0,63072.0
4619,4619,2017.02.07,16050.0,50.0,16200.0,16250.0,15950.0,56004.0
4620,4620,2017.02.08,16000.0,50.0,16050.0,16200.0,15900.0,53290.0
4621,4621,2017.02.09,16000.0,0.0,16050.0,16150.0,15750.0,50299.0
4622,4622,2017.02.10,16000.0,0.0,16050.0,16100.0,15800.0,41637.0
4623,4623,2017.02.13,16050.0,50.0,16050.0,16150.0,15850.0,56270.0
4624,4624,2017.02.14,16100.0,50.0,16100.0,16100.0,15900.0,47750.0
4625,4625,2017.02.15,16350.0,250.0,16100.0,16700.0,16100.0,148708.0
4626,4626,2017.02.16,16450.0,100.0,16400.0,16500.0,16200.0,46534.0
4627,4627,2017.02.17,16450.0,0.0,16350.0,16600.0,16300.0,52491.0
4628,4628,2017.02.20,16450.0,0.0,16450.0,16600.0,16350.0,32045.0
4629,4629,2017.02.21,16350.0,100.0,16500.0,16550.0,16200.0,76530.0
4630,4630,2017.02.22,16400.0,50.0,16300.0,16450.0,16200.0,79774.0
4631,4631,2017.02.23,16400.0,0.0,16400.0,16500.0,16250.0,44015.0
4632,4632,2017.02.24,16300.0,100.0,16400.0,16450.0,16150.0,55714.0
4633,4633,2017.02.27,16200.0,100.0,16300.0,16350.0,16050.0,35803.0
4634,4634,2017.02.28,16450.0,250.0,16200.0,16450.0,16050.0,67310.0
4635,4635,2017.03.02,16450.0,0.0,16450.0,16550.0,16350.0,36028.0
4636,4636,2017.03.03,16400.0,50.0,16450.0,16450.0,16250.0,43405.0
4637,4637,2017.03.06,16400.0,0.0,16400.0,16400.0,16250.0,44351.0
4638,4638,2017.03.07,16400.0,0.0,16300.0,16550.0,16250.0,69572.0
4639,4639,2017.03.08,16200.0,200.0,16400.0,16550.0,16200.0,58728.0
4640,4640,2017.03.09,16300.0,100.0,16100.0,16300.0,15950.0,54136.0
4641,4641,2017.03.10,16200.0,100.0,16300.0,16400.0,15900.0,56946.0
4642,4642,2017.03.13,16050.0,150.0,16150.0,16250.0,16000.0,30836.0
4643,4643,2017.03.14,16050.0,0.0,16150.0,16200.0,16000.0,40240.0
4644,4644,2017.03.15,15950.0,100.0,16000.0,16100.0,15750.0,58379.0
4645,4645,2017.03.16,15800.0,150.0,16000.0,16100.0,15650.0,80159.0
4646,4646,2017.03.17,15750.0,50.0,15850.0,15850.0,15600.0,57385.0
4647,4647,2017.03.20,15950.0,200.0,15800.0,16000.0,15750.0,45869.0
4648,4648,2017.03.21,16050.0,100.0,15950.0,16150.0,15900.0,48788.0
4649,4649,2017.03.22,15900.0,150.0,16000.0,16000.0,15750.0,36103.0
4650,4650,2017.03.23,15900.0,0.0,15950.0,15950.0,15800.0,21657.0
4651,4651,2017.03.24,16100.0,200.0,15950.0,16150.0,15800.0,46027.0
4652,4652,2017.03.27,15950.0,150.0,16100.0,16200.0,15850.0,31689.0
4653,4653,2017.03.28,16100.0,150.0,16050.0,16100.0,15850.0,38388.0
4654,4654,2017.03.29,16050.0,50.0,16050.0,16100.0,15900.0,31837.0
4655,4655,2017.03.30,16100.0,50.0,16050.0,16150.0,16050.0,39141.0
4656,4656,2017.03.31,16500.0,400.0,16200.0,16850.0,16100.0,232781.0
4657,4657,2017.04.03,16600.0,100.0,16600.0,16650.0,16400.0,97624.0
4658,4658,2017.04.04,16650.0,50.0,16700.0,16750.0,16450.0,81659.0
4659,4659,2017.04.05,16550.0,100.0,16700.0,16700.0,16400.0,65724.0
4660,4660,2017.04.06,16600.0,50.0,16550.0,16600.0,16500.0,57474.0
4661,4661,2017.04.07,16550.0,50.0,16550.0,16700.0,16450.0,69590.0
4662,4662,2017.04.10,16500.0,50.0,16600.0,16750.0,16300.0,108244.0
4663,4663,2017.04.11,17100.0,600.0,16600.0,17100.0,16450.0,221983.0
4664,4664,2017.04.12,17300.0,200.0,17100.0,17350.0,16900.0,192555.0
4665,4665,2017.04.13,17350.0,50.0,17300.0,17450.0,17100.0,122653.0
4666,4666,2017.04.14,16850.0,500.0,17250.0,17450.0,16800.0,116510.0
4667,4667,2017.04.17,17250.0,400.0,16900.0,17300.0,16850.0,110694.0
4668,4668,2017.04.18,17350.0,100.0,17300.0,17450.0,17200.0,105698.0
4669,4669,2017.04.19,17500.0,150.0,17350.0,17500.0,17150.0,83350.0
4670,4670,2017.04.20,17300.0,200.0,17400.0,17550.0,17100.0,78179.0
4671,4671,2017.04.21,17350.0,50.0,17300.0,17400.0,17100.0,82451.0
4672,4672,2017.04.24,17200.0,150.0,17350.0,17550.0,17200.0,86189.0
4673,4673,2017.04.25,17350.0,150.0,17250.0,17400.0,17150.0,53119.0
4674,4674,2017.04.26,17300.0,50.0,17250.0,17400.0,17150.0,77973.0
4675,4675,2017.04.27,17200.0,100.0,17200.0,17300.0,16900.0,89254.0
4676,4676,2017.04.28,17200.0,0.0,17250.0,17300.0,17050.0,80192.0
4677,4677,2017.05.02,16950.0,250.0,17200.0,17200.0,16750.0,59615.0
4678,4678,2017.05.04,17400.0,450.0,16950.0,17400.0,16750.0,81951.0
4679,4679,2017.05.08,17350.0,50.0,17400.0,17450.0,17200.0,63690.0
4680,4680,2017.05.10,18300.0,950.0,17400.0,18300.0,17150.0,389653.0
4681,4681,2017.05.11,18350.0,50.0,18400.0,18450.0,18150.0,185865.0
4682,4682,2017.05.12,18300.0,50.0,18200.0,18400.0,17950.0,171471.0
4683,4683,2017.05.15,18200.0,100.0,18500.0,18600.0,18100.0,99101.0
4684,4684,2017.05.16,18350.0,150.0,18350.0,18600.0,18150.0,123546.0
4685,4685,2017.05.17,18050.0,300.0,18150.0,18600.0,17800.0,246248.0
4686,4686,2017.05.18,18050.0,0.0,17950.0,18350.0,17700.0,123910.0
4687,4687,2017.05.19,18150.0,100.0,18000.0,18200.0,17800.0,76581.0
4688,4688,2017.05.22,17900.0,250.0,18250.0,18300.0,17850.0,40480.0
4689,4689,2017.05.23,18250.0,350.0,17900.0,18250.0,17850.0,106428.0
4690,4690,2017.05.24,18450.0,200.0,18250.0,18500.0,18100.0,121038.0
4691,4691,2017.05.25,18250.0,200.0,18500.0,18550.0,18100.0,127991.0
4692,4692,2017.05.26,18050.0,200.0,18150.0,18300.0,17900.0,85854.0
4693,4693,2017.05.29,17850.0,200.0,18000.0,18150.0,17850.0,57207.0
4694,4694,2017.05.30,18050.0,200.0,17800.0,18050.0,17800.0,35579.0
4695,4695,2017.05.31,18150.0,100.0,17950.0,18200.0,17900.0,57494.0
4696,4696,2017.06.01,17950.0,200.0,18150.0,18150.0,17900.0,26537.0
4697,4697,2017.06.02,17950.0,0.0,17950.0,18050.0,17750.0,70540.0
4698,4698,2017.06.05,17950.0,0.0,17950.0,18000.0,17700.0,66306.0
4699,4699,2017.06.07,18250.0,300.0,17850.0,18250.0,17750.0,80894.0
4700,4700,2017.06.08,18000.0,250.0,18200.0,18250.0,18000.0,86793.0
4701,4701,2017.06.09,18050.0,50.0,18100.0,18150.0,17900.0,72365.0
4702,4702,2017.06.12,17850.0,200.0,17900.0,18050.0,17800.0,52353.0
4703,4703,2017.06.13,17650.0,200.0,17850.0,18000.0,17500.0,77592.0
4704,4704,2017.06.14,17650.0,0.0,17650.0,17750.0,17550.0,58903.0
4705,4705,2017.06.15,17200.0,450.0,17600.0,17700.0,17200.0,93327.0
4706,4706,2017.06.16,17350.0,150.0,17200.0,17550.0,17200.0,88216.0
4707,4707,2017.06.19,17400.0,50.0,17400.0,17500.0,17200.0,45221.0
4708,4708,2017.06.20,17000.0,400.0,17450.0,17500.0,16950.0,115653.0
4709,4709,2017.06.21,17050.0,50.0,16900.0,17100.0,16850.0,52797.0
4710,4710,2017.06.22,16700.0,350.0,17100.0,17100.0,16650.0,96719.0
4711,4711,2017.06.23,16950.0,250.0,16850.0,17300.0,16650.0,85503.0
4712,4712,2017.06.26,17050.0,100.0,17000.0,17050.0,16850.0,51910.0
4713,4713,2017.06.27,17100.0,50.0,17150.0,17200.0,17000.0,43722.0
4714,4714,2017.06.28,17200.0,100.0,17050.0,17200.0,16900.0,48800.0
4715,4715,2017.06.29,17200.0,0.0,17250.0,17300.0,17050.0,33694.0
4716,4716,2017.06.30,17050.0,150.0,17200.0,17200.0,16800.0,59911.0
4717,4717,2017.07.03,16950.0,100.0,17100.0,17150.0,16800.0,54637.0
4718,4718,2017.07.04,17000.0,50.0,17050.0,17150.0,16750.0,82247.0
4719,4719,2017.07.05,17250.0,250.0,16950.0,17250.0,16900.0,74120.0
4720,4720,2017.07.06,16950.0,300.0,17200.0,17250.0,16900.0,33326.0
4721,4721,2017.07.07,17150.0,200.0,17000.0,17250.0,16950.0,44155.0
4722,4722,2017.07.10,16150.0,1000.0,17150.0,17150.0,15850.0,514427.0
4723,4723,2017.07.11,16700.0,550.0,16150.0,16850.0,16100.0,170760.0
4724,4724,2017.07.12,16700.0,0.0,16750.0,16850.0,16450.0,69455.0
4725,4725,2017.07.13,17000.0,300.0,16900.0,17050.0,16550.0,65454.0
4726,4726,2017.07.14,16250.0,750.0,16850.0,17200.0,15900.0,237443.0
4727,4727,2017.07.17,15900.0,350.0,16200.0,16250.0,15800.0,125136.0
4728,4728,2017.07.18,15750.0,150.0,15900.0,16350.0,15700.0,112805.0
4729,4729,2017.07.19,16550.0,800.0,15950.0,16600.0,15750.0,133631.0
4730,4730,2017.07.20,16600.0,50.0,16500.0,16750.0,16350.0,61866.0
4731,4731,2017.07.21,16350.0,250.0,16550.0,16700.0,16150.0,138901.0
4732,4732,2017.07.24,16400.0,50.0,16400.0,16550.0,16250.0,45918.0
4733,4733,2017.07.25,16200.0,200.0,16400.0,16500.0,16050.0,82075.0
4734,4734,2017.07.26,16250.0,50.0,16250.0,16300.0,16000.0,73227.0
4735,4735,2017.07.27,16400.0,150.0,16150.0,16400.0,16150.0,61582.0
4736,4736,2017.07.28,16400.0,0.0,16350.0,16450.0,16150.0,106253.0
4737,4737,2017.07.31,16000.0,400.0,16400.0,16400.0,15850.0,74756.0
4738,4738,2017.08.01,16000.0,0.0,16100.0,16150.0,15800.0,98004.0
4739,4739,2017.08.02,15800.0,200.0,15950.0,16050.0,15800.0,56539.0
4740,4740,2017.08.03,15800.0,0.0,15800.0,16050.0,15600.0,106301.0
4741,4741,2017.08.04,15500.0,300.0,15750.0,16200.0,15500.0,69757.0
4742,4742,2017.08.07,16450.0,950.0,15600.0,16500.0,15500.0,111786.0
4743,4743,2017.08.08,16450.0,0.0,16600.0,16650.0,16100.0,66514.0
4744,4744,2017.08.09,16500.0,50.0,16350.0,16550.0,16100.0,85822.0
4745,4745,2017.08.10,16400.0,100.0,16500.0,16500.0,16050.0,72686.0
4746,4746,2017.08.11,16100.0,300.0,16100.0,16400.0,15950.0,62051.0
4747,4747,2017.08.14,15900.0,200.0,16100.0,16200.0,15850.0,62434.0
4748,4748,2017.08.16,16050.0,150.0,16150.0,16400.0,15850.0,67080.0
4749,4749,2017.08.17,16100.0,50.0,16100.0,16200.0,15850.0,49474.0
4750,4750,2017.08.18,16350.0,250.0,17200.0,17500.0,16250.0,619370.0
4751,4751,2017.08.21,15900.0,450.0,16500.0,16500.0,15800.0,127609.0
4752,4752,2017.08.22,16000.0,100.0,15900.0,16150.0,15750.0,123380.0
4753,4753,2017.08.23,15800.0,200.0,16000.0,16200.0,15800.0,73791.0
4754,4754,2017.08.24,15750.0,50.0,15950.0,15950.0,15700.0,109104.0
4755,4755,2017.08.25,15750.0,0.0,15850.0,15950.0,15700.0,77573.0
4756,4756,2017.08.28,16100.0,350.0,15800.0,16150.0,15750.0,74968.0
4757,4757,2017.08.29,16000.0,100.0,16100.0,16150.0,15800.0,61284.0
4758,4758,2017.08.30,16300.0,300.0,16050.0,16600.0,15950.0,156633.0
4759,4759,2017.08.31,16500.0,200.0,16300.0,16650.0,16250.0,137787.0
4760,4760,2017.09.01,17750.0,1250.0,16450.0,17800.0,16400.0,616529.0
4761,4761,2017.09.04,17050.0,700.0,17300.0,17750.0,16950.0,355343.0
4762,4762,2017.09.05,17650.0,600.0,17200.0,17650.0,16800.0,219180.0
4763,4763,2017.09.06,17750.0,100.0,17750.0,18250.0,17650.0,339669.0
4764,4764,2017.09.07,18200.0,450.0,17850.0,18500.0,17850.0,361142.0
4765,4765,2017.09.08,18000.0,200.0,18250.0,18350.0,17950.0,144296.0
4766,4766,2017.09.11,17500.0,500.0,18050.0,18150.0,17350.0,257573.0
4767,4767,2017.09.12,18300.0,800.0,17650.0,18300.0,17550.0,212378.0
4768,4768,2017.09.13,18650.0,350.0,18450.0,19150.0,17950.0,439515.0
4769,4769,2017.09.14,18700.0,50.0,18800.0,19150.0,18550.0,174588.0
4770,4770,2017.09.15,18700.0,0.0,18700.0,18800.0,18250.0,208366.0
4771,4771,2017.09.18,18750.0,50.0,19000.0,19050.0,18450.0,167179.0
4772,4772,2017.09.19,18200.0,550.0,18600.0,18700.0,18050.0,173739.0
4773,4773,2017.09.20,18200.0,0.0,18300.0,18500.0,17650.0,261686.0
4774,4774,2017.09.21,17700.0,500.0,18200.0,18400.0,17700.0,142890.0
4775,4775,2017.09.22,17550.0,150.0,17550.0,17950.0,17150.0,162197.0
4776,4776,2017.09.25,17250.0,300.0,17400.0,17650.0,16800.0,153751.0
4777,4777,2017.09.26,17000.0,250.0,17050.0,17300.0,16700.0,188475.0
4778,4778,2017.09.27,16950.0,50.0,17000.0,17200.0,16600.0,202232.0
4779,4779,2017.09.28,17300.0,350.0,16950.0,17550.0,16900.0,133468.0
4780,4780,2017.09.29,17400.0,100.0,17400.0,17550.0,17250.0,119975.0
4781,4781,2017.10.10,16900.0,500.0,17600.0,17600.0,16700.0,156845.0
4782,4782,2017.10.11,17550.0,650.0,16900.0,17550.0,16900.0,178190.0
4783,4783,2017.10.12,17200.0,350.0,17400.0,17550.0,17000.0,104294.0
4784,4784,2017.10.13,16900.0,300.0,17200.0,17450.0,16650.0,112922.0
4785,4785,2017.10.16,16900.0,0.0,16900.0,17000.0,16300.0,188860.0
4786,4786,2017.10.17,16800.0,100.0,17150.0,17150.0,16750.0,121590.0
4787,4787,2017.10.18,18100.0,1300.0,16750.0,18300.0,16750.0,404264.0
4788,4788,2017.10.19,18300.0,200.0,18000.0,18450.0,17800.0,244911.0
4789,4789,2017.10.20,16500.0,1800.0,18300.0,18300.0,16500.0,989878.0
4790,4790,2017.10.23,15550.0,950.0,16250.0,16350.0,15350.0,1062944.0
4791,4791,2017.10.24,16250.0,700.0,15650.0,16450.0,15650.0,617131.0
4792,4792,2017.10.25,16300.0,50.0,16200.0,16550.0,16050.0,329846.0
4793,4793,2017.10.26,15750.0,550.0,16300.0,16500.0,15600.0,333856.0
4794,4794,2017.10.27,16050.0,300.0,15800.0,16050.0,15750.0,119758.0
4795,4795,2017.10.30,15850.0,200.0,16100.0,16100.0,15750.0,164564.0
4796,4796,2017.10.31,15850.0,0.0,15850.0,16000.0,15700.0,113510.0
4797,4797,2017.11.01,16100.0,250.0,15850.0,16200.0,15800.0,134729.0
4798,4798,2017.11.02,16050.0,50.0,15950.0,16150.0,15900.0,73412.0
4799,4799,2017.11.03,15950.0,100.0,16000.0,16150.0,15750.0,116174.0
4800,4800,2017.11.06,16050.0,100.0,15950.0,16150.0,15750.0,158620.0
4801,4801,2017.11.07,16150.0,100.0,16200.0,16450.0,16050.0,193311.0
4802,4802,2017.11.08,16000.0,150.0,16150.0,16250.0,15950.0,149954.0
4803,4803,2017.11.09,16200.0,200.0,16150.0,16300.0,16000.0,107872.0
4804,4804,2017.11.10,16150.0,50.0,16200.0,16200.0,16000.0,119933.0
4805,4805,2017.11.13,16150.0,0.0,16100.0,16200.0,15750.0,233295.0
4806,4806,2017.11.14,16700.0,550.0,16150.0,16850.0,16050.0,382809.0
4807,4807,2017.11.15,16900.0,200.0,16750.0,17050.0,16500.0,347341.0
4808,4808,2017.11.16,16750.0,150.0,16950.0,17000.0,16450.0,150551.0
4809,4809,2017.11.17,16500.0,250.0,16600.0,16700.0,16450.0,90921.0
4810,4810,2017.11.20,16950.0,450.0,16500.0,17150.0,16500.0,193860.0
4811,4811,2017.11.21,17100.0,150.0,17300.0,17350.0,16900.0,261073.0
4812,4812,2017.11.22,17300.0,200.0,17300.0,17450.0,16900.0,175370.0
4813,4813,2017.11.23,17400.0,100.0,17350.0,17400.0,17100.0,118864.0
4814,4814,2017.11.24,17250.0,150.0,17350.0,17600.0,17200.0,136952.0
4815,4815,2017.11.27,17300.0,50.0,17300.0,17550.0,17050.0,133460.0
4816,4816,2017.11.28,16700.0,600.0,17300.0,17300.0,16700.0,157989.0
4817,4817,2017.11.29,17050.0,350.0,16700.0,17150.0,16700.0,70656.0
4818,4818,2017.11.30,16950.0,100.0,17000.0,17250.0,16800.0,135167.0
4819,4819,2017.12.01,17600.0,650.0,17100.0,17700.0,17100.0,216042.0
4820,4820,2017.12.04,17800.0,200.0,17800.0,17900.0,17450.0,217094.0
4821,4821,2017.12.05,17700.0,100.0,17850.0,17900.0,17450.0,89127.0
4822,4822,2017.12.06,17650.0,50.0,17800.0,17900.0,17400.0,152244.0
4823,4823,2017.12.07,17250.0,400.0,17650.0,17750.0,17100.0,157619.0
4824,4824,2017.12.08,17450.0,200.0,17250.0,17800.0,17200.0,201795.0
4825,4825,2017.12.11,17400.0,50.0,17500.0,17500.0,16950.0,80147.0
4826,4826,2017.12.12,17500.0,100.0,17450.0,17600.0,17250.0,84071.0
4827,4827,2017.12.13,17550.0,50.0,17550.0,17650.0,17400.0,81277.0
4828,4828,2017.12.14,17300.0,250.0,17550.0,17650.0,17250.0,159988.0
4829,4829,2017.12.15,17400.0,100.0,17300.0,17450.0,17150.0,94380.0
4830,4830,2017.12.18,17850.0,450.0,17500.0,17850.0,17300.0,176414.0
4831,4831,2017.12.19,17350.0,500.0,17700.0,17850.0,17300.0,96003.0
4832,4832,2017.12.20,17200.0,150.0,17350.0,17450.0,17100.0,76556.0
4833,4833,2017.12.21,17150.0,50.0,17050.0,17350.0,16950.0,113382.0
4834,4834,2017.12.22,17700.0,550.0,17250.0,17750.0,17100.0,118572.0
4835,4835,2017.12.26,17750.0,50.0,17700.0,18100.0,17500.0,126980.0
4836,4836,2017.12.27,17950.0,200.0,17550.0,17950.0,17350.0,127484.0
4837,4837,2017.12.28,17950.0,0.0,18200.0,18250.0,17700.0,101160.0
4838,4838,2018.01.02,17850.0,100.0,17800.0,18000.0,17700.0,54415.0
4839,4839,2018.01.03,17350.0,500.0,17800.0,17850.0,17250.0,139600.0
4840,4840,2018.01.04,17200.0,150.0,17450.0,17450.0,17200.0,143493.0
4841,4841,2018.01.05,17350.0,150.0,17200.0,17400.0,17200.0,92601.0
4842,4842,2018.01.08,17650.0,300.0,17300.0,17700.0,17100.0,147136.0
4843,4843,2018.01.09,17050.0,600.0,17600.0,17700.0,17050.0,163209.0
4844,4844,2018.01.10,17250.0,200.0,17150.0,17250.0,17000.0,94785.0
4845,4845,2018.01.11,17350.0,100.0,17100.0,17450.0,17100.0,77772.0
4846,4846,2018.01.12,17200.0,150.0,17350.0,17400.0,16850.0,141607.0
4847,4847,2018.01.15,16800.0,400.0,17050.0,17200.0,16800.0,136080.0
4848,4848,2018.01.16,17250.0,450.0,16900.0,17500.0,16800.0,235148.0
4849,4849,2018.01.17,17550.0,300.0,17250.0,17700.0,17150.0,192966.0
4850,4850,2018.01.18,17850.0,300.0,17750.0,18050.0,17500.0,223053.0
4851,4851,2018.01.19,18700.0,850.0,18200.0,19400.0,18150.0,1250580.0
4852,4852,2018.01.22,19300.0,600.0,18600.0,19750.0,18550.0,479729.0
4853,4853,2018.01.23,19350.0,50.0,19500.0,19500.0,19000.0,217834.0
4854,4854,2018.01.24,20450.0,1100.0,19600.0,20700.0,19500.0,686537.0
4855,4855,2018.01.25,20350.0,100.0,20450.0,20450.0,20000.0,234683.0
4856,4856,2018.01.26,20550.0,200.0,20400.0,20650.0,20100.0,141848.0
4857,4857,2018.01.29,19950.0,600.0,20800.0,20900.0,19750.0,291515.0
4858,4858,2018.01.30,19500.0,450.0,20000.0,20100.0,19300.0,355843.0
4859,4859,2018.01.31,19500.0,0.0,19400.0,19500.0,19000.0,233443.0
4860,4860,2018.02.01,19500.0,0.0,19500.0,19700.0,19300.0,180946.0
4861,4861,2018.02.02,19250.0,250.0,19600.0,19950.0,18800.0,173561.0
4862,4862,2018.02.05,18600.0,650.0,18750.0,19200.0,18500.0,122931.0
4863,4863,2018.02.06,18200.0,400.0,17800.0,18400.0,17650.0,295584.0
4864,4864,2018.02.07,17850.0,350.0,18300.0,18550.0,17850.0,172367.0
4865,4865,2018.02.08,18400.0,550.0,18100.0,18900.0,17900.0,301003.0
4866,4866,2018.02.09,17800.0,600.0,17900.0,18200.0,17750.0,133778.0
4867,4867,2018.02.12,17800.0,0.0,18050.0,18150.0,17700.0,72098.0
4868,4868,2018.02.13,17450.0,350.0,18000.0,18250.0,17450.0,103070.0
4869,4869,2018.02.14,17650.0,200.0,17700.0,17700.0,17250.0,108002.0
4870,4870,2018.02.19,18150.0,500.0,17800.0,18150.0,17500.0,138898.0
4871,4871,2018.02.20,17500.0,650.0,18050.0,18150.0,17500.0,167754.0
4872,4872,2018.02.21,17700.0,200.0,17750.0,18000.0,17600.0,128407.0
4873,4873,2018.02.22,17650.0,50.0,17700.0,17800.0,17450.0,95485.0
4874,4874,2018.02.23,17950.0,300.0,17750.0,18050.0,17700.0,158348.0
4875,4875,2018.02.26,17550.0,400.0,17900.0,18100.0,17350.0,189607.0
4876,4876,2018.02.27,17200.0,350.0,17650.0,17700.0,17150.0,122171.0
4877,4877,2018.02.28,16800.0,400.0,17250.0,17250.0,16600.0,167975.0
4878,4878,2018.03.02,16400.0,400.0,16550.0,16700.0,16250.0,189164.0
4879,4879,2018.03.05,16450.0,50.0,16500.0,16850.0,16400.0,102313.0
4880,4880,2018.03.06,16900.0,450.0,16750.0,16900.0,16500.0,64421.0
4881,4881,2018.03.07,16400.0,500.0,16950.0,16950.0,16400.0,105577.0
4882,4882,2018.03.08,16600.0,200.0,16400.0,16800.0,16400.0,76600.0
4883,4883,2018.03.09,16900.0,300.0,16800.0,16950.0,16650.0,41885.0
4884,4884,2018.03.12,16700.0,200.0,17050.0,17100.0,16500.0,166767.0
4885,4885,2018.03.13,16600.0,100.0,16600.0,16700.0,16500.0,58684.0
4886,4886,2018.03.14,16450.0,150.0,16500.0,16600.0,16350.0,126745.0
4887,4887,2018.03.15,16500.0,50.0,16350.0,16500.0,16300.0,55148.0
4888,4888,2018.03.16,16400.0,100.0,16500.0,16550.0,16350.0,65975.0
4889,4889,2018.03.19,16550.0,150.0,16500.0,16550.0,16350.0,65895.0
4890,4890,2018.03.20,16550.0,0.0,16450.0,16550.0,16300.0,44955.0
4891,4891,2018.03.21,16300.0,250.0,16500.0,16500.0,16250.0,103968.0
4892,4892,2018.03.22,16350.0,50.0,16300.0,16500.0,16250.0,67378.0
4893,4893,2018.03.23,15450.0,900.0,16100.0,16300.0,15450.0,176844.0
4894,4894,2018.03.26,16250.0,800.0,15450.0,16250.0,15450.0,94247.0
4895,4895,2018.03.27,16200.0,50.0,16250.0,16400.0,16050.0,40600.0
4896,4896,2018.03.28,16050.0,150.0,15950.0,16150.0,15800.0,50092.0
4897,4897,2018.03.29,16300.0,250.0,16050.0,16300.0,15950.0,65835.0
4898,4898,2018.03.30,16250.0,50.0,16250.0,16400.0,16150.0,53857.0
4899,4899,2018.04.02,16000.0,250.0,16300.0,16300.0,15900.0,46680.0
4900,4900,2018.04.03,16150.0,150.0,15800.0,16150.0,15700.0,77449.0
4901,4901,2018.04.04,15800.0,350.0,16000.0,16100.0,15700.0,100771.0
4902,4902,2018.04.05,15950.0,150.0,15900.0,16050.0,15750.0,52462.0
4903,4903,2018.04.06,15650.0,300.0,15900.0,15950.0,15550.0,99681.0
4904,4904,2018.04.09,15500.0,150.0,15600.0,15750.0,15500.0,59852.0
4905,4905,2018.04.10,15450.0,50.0,15550.0,15650.0,15300.0,74555.0
4906,4906,2018.04.11,15650.0,200.0,15500.0,15800.0,15450.0,69506.0
4907,4907,2018.04.12,15750.0,100.0,15650.0,15850.0,15600.0,62202.0
4908,4908,2018.04.13,15900.0,150.0,15700.0,15900.0,15650.0,40016.0
4909,4909,2018.04.16,15850.0,50.0,15900.0,15950.0,15700.0,35069.0
4910,4910,2018.04.17,15400.0,450.0,15750.0,15800.0,15400.0,188912.0
4911,4911,2018.04.18,15700.0,300.0,15450.0,15800.0,15450.0,97774.0
4912,4912,2018.04.19,15700.0,0.0,15600.0,15850.0,15600.0,64214.0
4913,4913,2018.04.20,15650.0,50.0,15800.0,15900.0,15550.0,62111.0
4914,4914,2018.04.23,15700.0,50.0,15650.0,15900.0,15600.0,83929.0
4915,4915,2018.04.24,15650.0,50.0,15800.0,15800.0,15550.0,82134.0
4916,4916,2018.04.25,15600.0,50.0,15650.0,15700.0,15350.0,86904.0
4917,4917,2018.04.26,15650.0,50.0,15600.0,15800.0,15450.0,103430.0
4918,4918,2018.04.27,15900.0,250.0,15800.0,16100.0,15700.0,116898.0
4919,4919,2018.04.30,15850.0,50.0,16100.0,16100.0,15700.0,103900.0
4920,4920,2018.05.02,15650.0,200.0,15850.0,15900.0,15550.0,117581.0
4921,4921,2018.05.03,15700.0,50.0,15600.0,15900.0,15550.0,89908.0
4922,4922,2018.05.04,15500.0,200.0,15600.0,15750.0,15400.0,149029.0
4923,4923,2018.05.08,15350.0,150.0,15400.0,15700.0,15350.0,119658.0
4924,4924,2018.05.09,15600.0,250.0,15500.0,15600.0,15150.0,128348.0
4925,4925,2018.05.10,15500.0,100.0,15400.0,15500.0,15300.0,120894.0
4926,4926,2018.05.11,15550.0,50.0,15400.0,15600.0,15350.0,84415.0
4927,4927,2018.05.14,15600.0,50.0,15550.0,15700.0,15350.0,94351.0
4928,4928,2018.05.15,15850.0,250.0,15500.0,15850.0,15400.0,105180.0
4929,4929,2018.05.16,14700.0,1150.0,15350.0,15350.0,14650.0,440413.0
4930,4930,2018.05.17,13950.0,750.0,14700.0,14750.0,13700.0,515414.0
4931,4931,2018.05.18,13700.0,250.0,13900.0,14050.0,13550.0,276807.0
4932,4932,2018.05.21,13750.0,50.0,13700.0,13850.0,13500.0,157328.0
4933,4933,2018.05.23,13600.0,150.0,13650.0,13800.0,13550.0,82306.0
4934,4934,2018.05.24,13500.0,100.0,13600.0,13750.0,13400.0,89639.0
4935,4935,2018.05.25,13500.0,0.0,13400.0,13550.0,13250.0,73197.0
4936,4936,2018.05.28,13600.0,100.0,13600.0,13800.0,13500.0,78877.0
4937,4937,2018.05.29,13300.0,300.0,13550.0,13550.0,13250.0,101114.0
4938,4938,2018.05.30,12950.0,350.0,13250.0,13350.0,12700.0,203580.0
4939,4939,2018.05.31,13250.0,300.0,13000.0,13250.0,12800.0,129694.0
4940,4940,2018.06.01,13850.0,600.0,13350.0,13850.0,13300.0,223145.0
4941,4941,2018.06.04,13950.0,100.0,13950.0,14000.0,13700.0,111932.0
4942,4942,2018.06.05,13950.0,0.0,13800.0,14100.0,13800.0,93911.0
4943,4943,2018.06.07,13950.0,0.0,13950.0,14200.0,13750.0,118209.0
4944,4944,2018.06.08,14250.0,300.0,13950.0,14350.0,13850.0,161541.0
4945,4945,2018.06.11,14350.0,100.0,14400.0,14500.0,14150.0,95326.0
4946,4946,2018.06.12,14700.0,350.0,14450.0,14750.0,14150.0,139607.0
4947,4947,2018.06.14,14800.0,100.0,14700.0,15050.0,14600.0,228963.0
4948,4948,2018.06.15,14750.0,50.0,14600.0,14900.0,14400.0,177289.0
4949,4949,2018.06.18,14200.0,550.0,14550.0,14750.0,14000.0,177965.0
4950,4950,2018.06.19,14150.0,50.0,14100.0,14700.0,14100.0,263127.0
4951,4951,2018.06.20,14650.0,500.0,14150.0,14650.0,14150.0,126655.0
4952,4952,2018.06.21,14800.0,150.0,14600.0,15000.0,14500.0,199554.0
4953,4953,2018.06.22,14850.0,50.0,14850.0,15000.0,14700.0,196888.0
4954,4954,2018.06.25,15950.0,1100.0,15050.0,16050.0,14900.0,870080.0
4955,4955,2018.06.26,17300.0,1350.0,16100.0,17500.0,16000.0,1426405.0
4956,4956,2018.06.27,17300.0,0.0,17350.0,17650.0,16800.0,502097.0
4957,4957,2018.06.28,16750.0,550.0,17150.0,17500.0,16700.0,425294.0
4958,4958,2018.06.29,17700.0,950.0,17000.0,17900.0,17000.0,648240.0
4959,4959,2018.07.02,18050.0,350.0,17800.0,18650.0,17700.0,738930.0
4960,4960,2018.07.03,18200.0,150.0,18150.0,18450.0,17500.0,498004.0
4961,4961,2018.07.04,18150.0,50.0,18150.0,18500.0,17900.0,300688.0
4962,4962,2018.07.05,19050.0,900.0,18300.0,19100.0,18150.0,733336.0
4963,4963,2018.07.06,18950.0,100.0,19100.0,19250.0,18450.0,403717.0
4964,4964,2018.07.09,18600.0,350.0,19450.0,19450.0,18500.0,317583.0
4965,4965,2018.07.10,19100.0,500.0,18950.0,19450.0,18800.0,299501.0
4966,4966,2018.07.11,18650.0,450.0,18800.0,19100.0,18550.0,309873.0
4967,4967,2018.07.12,18550.0,100.0,18850.0,19200.0,18350.0,411279.0
4968,4968,2018.07.13,18250.0,300.0,18600.0,18650.0,17650.0,519410.0
4969,4969,2018.07.16,17900.0,350.0,18300.0,18650.0,17850.0,369561.0
4970,4970,2018.07.17,17950.0,50.0,18000.0,18300.0,17750.0,188141.0
4971,4971,2018.07.18,17650.0,300.0,17950.0,18200.0,17550.0,220310.0
4972,4972,2018.07.19,17850.0,200.0,17750.0,18350.0,17700.0,307866.0
4973,4973,2018.07.20,17550.0,300.0,17850.0,18200.0,17400.0,202976.0
4974,4974,2018.07.23,16900.0,650.0,17550.0,17700.0,16850.0,237639.0
4975,4975,2018.07.24,17400.0,500.0,17000.0,17500.0,17000.0,179918.0
4976,4976,2018.07.25,17300.0,100.0,17400.0,17550.0,17000.0,184888.0
4977,4977,2018.07.26,17850.0,550.0,17400.0,17900.0,17150.0,159036.0
4978,4978,2018.07.27,17150.0,700.0,17800.0,17800.0,17100.0,186728.0
4979,4979,2018.07.30,16950.0,200.0,17000.0,17100.0,16300.0,150007.0
4980,4980,2018.07.31,16850.0,100.0,17050.0,17200.0,16750.0,113762.0
4981,4981,2018.08.01,16900.0,50.0,16750.0,17050.0,16550.0,91408.0
4982,4982,2018.08.02,16150.0,750.0,16850.0,16950.0,16150.0,166398.0
4983,4983,2018.08.03,16600.0,450.0,16250.0,16750.0,16250.0,108569.0
4984,4984,2018.08.06,16250.0,350.0,16600.0,16700.0,16250.0,95377.0
4985,4985,2018.08.07,16400.0,150.0,16250.0,16450.0,16000.0,123150.0
4986,4986,2018.08.08,16200.0,200.0,16350.0,16600.0,16100.0,82673.0
4987,4987,2018.08.09,16350.0,150.0,16200.0,16450.0,15900.0,109909.0
4988,4988,2018.08.10,15950.0,400.0,16350.0,16350.0,15650.0,113064.0
4989,4989,2018.08.13,15500.0,450.0,16000.0,16050.0,15400.0,149946.0
4990,4990,2018.08.14,16650.0,1150.0,15500.0,16850.0,15500.0,400353.0
4991,4991,2018.08.16,17050.0,400.0,16600.0,17050.0,16300.0,217674.0
4992,4992,2018.08.17,17100.0,50.0,17450.0,17500.0,16900.0,174692.0
4993,4993,2018.08.20,16800.0,300.0,17100.0,17400.0,16800.0,155762.0
4994,4994,2018.08.21,16950.0,150.0,16800.0,17100.0,16600.0,164552.0
4995,4995,2018.08.22,16900.0,50.0,16850.0,17350.0,16700.0,151828.0
4996,4996,2018.08.23,17200.0,300.0,17050.0,17300.0,16850.0,118974.0
4997,4997,2018.08.24,16900.0,300.0,17000.0,17050.0,16700.0,96615.0
4998,4998,2018.08.27,17450.0,550.0,17050.0,17500.0,16800.0,186448.0
4999,4999,2018.08.28,17300.0,150.0,17500.0,17850.0,17250.0,148212.0
5000,5000,2018.08.29,17100.0,200.0,17350.0,17450.0,17000.0,121008.0
5001,5001,2018.08.30,17250.0,150.0,17200.0,17350.0,17100.0,68481.0
5002,5002,2018.08.31,17400.0,150.0,17150.0,17400.0,16900.0,86622.0
5003,5003,2018.09.03,16950.0,450.0,17200.0,17350.0,16800.0,98950.0
5004,5004,2018.09.04,17050.0,100.0,16950.0,17200.0,16800.0,100683.0
5005,5005,2018.09.05,16800.0,250.0,17050.0,17150.0,16800.0,78696.0
5006,5006,2018.09.06,16900.0,100.0,16800.0,16950.0,16350.0,104506.0
5007,5007,2018.09.07,16500.0,400.0,16850.0,16850.0,16400.0,104650.0
5008,5008,2018.09.10,16400.0,100.0,16500.0,16500.0,16000.0,92246.0
5009,5009,2018.09.11,16300.0,100.0,16350.0,16450.0,16100.0,62060.0
5010,5010,2018.09.12,16400.0,100.0,16300.0,16550.0,16200.0,71362.0
5011,5011,2018.09.13,16500.0,100.0,16400.0,16500.0,16150.0,83306.0
5012,5012,2018.09.14,16600.0,100.0,16500.0,17000.0,16450.0,125814.0
5013,5013,2018.09.17,16250.0,350.0,16450.0,16500.0,16100.0,81519.0
5014,5014,2018.09.18,16000.0,250.0,16200.0,16250.0,15950.0,81246.0
5015,5015,2018.09.19,15850.0,150.0,15950.0,16100.0,15500.0,70660.0
5016,5016,2018.09.20,15700.0,150.0,15750.0,16000.0,15500.0,135946.0
5017,5017,2018.09.21,15700.0,0.0,15850.0,15950.0,15600.0,65225.0
5018,5018,2018.09.27,15800.0,100.0,15650.0,16050.0,15550.0,80156.0
5019,5019,2018.09.28,15900.0,100.0,15800.0,15900.0,15500.0,80232.0
5020,5020,2018.10.01,15800.0,100.0,15750.0,16000.0,15750.0,58850.0
5021,5021,2018.10.02,15200.0,600.0,16000.0,16150.0,15200.0,156007.0
5022,5022,2018.10.04,15550.0,350.0,15200.0,15750.0,15050.0,128970.0
5023,5023,2018.10.05,15500.0,50.0,15300.0,15700.0,15300.0,65036.0
5024,5024,2018.10.08,15850.0,350.0,15250.0,16050.0,15250.0,76694.0
5025,5025,2018.10.10,15350.0,500.0,15750.0,16000.0,15300.0,81714.0
5026,5026,2018.10.11,14350.0,1000.0,15250.0,15300.0,14350.0,179834.0
5027,5027,2018.10.12,14550.0,200.0,14050.0,14650.0,14050.0,159999.0
5028,5028,2018.10.15,14400.0,150.0,14550.0,14550.0,14250.0,69414.0
5029,5029,2018.10.16,14450.0,50.0,14350.0,14650.0,14350.0,41484.0
5030,5030,2018.10.17,14550.0,100.0,14550.0,14700.0,14400.0,75539.0
5031,5031,2018.10.18,14650.0,100.0,14450.0,14900.0,14450.0,69119.0
5032,5032,2018.10.19,14950.0,300.0,14450.0,14950.0,14450.0,116589.0
5033,5033,2018.10.22,14800.0,150.0,14750.0,14850.0,14500.0,53850.0
5034,5034,2018.10.23,14300.0,500.0,14600.0,14650.0,14150.0,100415.0
5035,5035,2018.10.24,13950.0,350.0,14400.0,14450.0,13550.0,123184.0
5036,5036,2018.10.25,13500.0,450.0,13600.0,13950.0,13400.0,125548.0
5037,5037,2018.10.26,12850.0,650.0,13600.0,13700.0,12800.0,160479.0
5038,5038,2018.10.29,12350.0,500.0,12600.0,13300.0,12300.0,142889.0
5039,5039,2018.10.30,12850.0,500.0,12350.0,12950.0,11950.0,155901.0
5040,5040,2018.10.31,12850.0,0.0,13100.0,13100.0,12650.0,81723.0
5041,5041,2018.11.01,13050.0,200.0,12950.0,13400.0,12850.0,112388.0
5042,5042,2018.11.02,13750.0,700.0,13150.0,13750.0,13050.0,123093.0
5043,5043,2018.11.05,13450.0,300.0,13500.0,13700.0,13150.0,124410.0
5044,5044,2018.11.06,13350.0,100.0,13300.0,13550.0,13100.0,53440.0
5045,5045,2018.11.07,13450.0,100.0,13300.0,13700.0,13300.0,89407.0
5046,5046,2018.11.08,13550.0,100.0,13600.0,13850.0,13400.0,64222.0
5047,5047,2018.11.09,13700.0,150.0,13500.0,13900.0,13150.0,126203.0
5048,5048,2018.11.12,13500.0,200.0,13600.0,13900.0,13300.0,68821.0
5049,5049,2018.11.13,13500.0,0.0,13350.0,13550.0,12850.0,81651.0
5050,5050,2018.11.14,12950.0,550.0,13500.0,13550.0,12800.0,156521.0
5051,5051,2018.11.15,13400.0,450.0,12750.0,13400.0,12650.0,115491.0
5052,5052,2018.11.16,13250.0,150.0,13400.0,13600.0,13100.0,169132.0
5053,5053,2018.11.19,13300.0,50.0,13400.0,13450.0,13050.0,136458.0
5054,5054,2018.11.20,13400.0,100.0,13200.0,14050.0,13200.0,240017.0
5055,5055,2018.11.21,13300.0,100.0,13050.0,13350.0,12900.0,229388.0
5056,5056,2018.11.22,13500.0,200.0,13400.0,13700.0,13250.0,112731.0
5057,5057,2018.11.23,13500.0,0.0,13650.0,13650.0,13400.0,106798.0
5058,5058,2018.11.26,13950.0,450.0,13600.0,14000.0,13350.0,164179.0
5059,5059,2018.11.27,13700.0,250.0,13800.0,14050.0,13650.0,110206.0
5060,5060,2018.11.28,13650.0,50.0,13950.0,13950.0,13600.0,90750.0
5061,5061,2018.11.29,13650.0,0.0,13850.0,13950.0,13550.0,104235.0
5062,5062,2018.11.30,13650.0,0.0,13700.0,13800.0,13500.0,54860.0
5063,5063,2018.12.03,14100.0,450.0,13700.0,14100.0,13700.0,143695.0
5064,5064,2018.12.04,13950.0,150.0,13950.0,14050.0,13550.0,132474.0
5065,5065,2018.12.05,13500.0,450.0,13550.0,13850.0,13500.0,127648.0
5066,5066,2018.12.06,13050.0,450.0,13600.0,13600.0,13050.0,119585.0
5067,5067,2018.12.07,13150.0,100.0,13250.0,13350.0,13100.0,83868.0
5068,5068,2018.12.10,12800.0,350.0,13000.0,13000.0,12700.0,148727.0
5069,5069,2018.12.11,12700.0,100.0,12900.0,12950.0,12450.0,132143.0
5070,5070,2018.12.12,13100.0,400.0,12700.0,13150.0,12600.0,67235.0
5071,5071,2018.12.13,13000.0,100.0,13000.0,13250.0,12900.0,96159.0
5072,5072,2018.12.14,12800.0,200.0,13000.0,13050.0,12550.0,131579.0
5073,5073,2018.12.17,12900.0,100.0,12750.0,13050.0,12450.0,145191.0
5074,5074,2018.12.18,12550.0,350.0,12750.0,12800.0,12250.0,219228.0
5075,5075,2018.12.19,12600.0,50.0,12550.0,12750.0,12350.0,81139.0
5076,5076,2018.12.20,13000.0,400.0,12500.0,13250.0,12400.0,128454.0
5077,5077,2018.12.21,12800.0,200.0,13050.0,13200.0,12750.0,64492.0
5078,5078,2018.12.24,13100.0,300.0,12750.0,13150.0,12750.0,73714.0
5079,5079,2018.12.26,13200.0,100.0,13000.0,13250.0,12550.0,94997.0
5080,5080,2018.12.27,13000.0,200.0,13200.0,13250.0,12800.0,119183.0
5081,5081,2018.12.28,13000.0,0.0,13000.0,13100.0,12800.0,65175.0
5082,5082,2019.01.02,12650.0,350.0,13100.0,13150.0,12600.0,89051.0
5083,5083,2019.01.03,12500.0,150.0,12650.0,12800.0,12400.0,93552.0
5084,5084,2019.01.04,12500.0,0.0,12500.0,12600.0,12200.0,49478.0
5085,5085,2019.01.07,12700.0,200.0,12600.0,12900.0,12550.0,66475.0
5086,5086,2019.01.08,12600.0,100.0,12600.0,12750.0,12500.0,50282.0
5087,5087,2019.01.09,12750.0,150.0,12600.0,12900.0,12550.0,81903.0
5088,5088,2019.01.10,12750.0,0.0,12850.0,12850.0,12550.0,63027.0
5089,5089,2019.01.11,13700.0,950.0,12800.0,13800.0,12700.0,269564.0
5090,5090,2019.01.14,13650.0,50.0,13550.0,14000.0,13550.0,159515.0
5091,5091,2019.01.15,13600.0,50.0,13600.0,13900.0,13450.0,119538.0
5092,5092,2019.01.16,13950.0,350.0,13650.0,13950.0,13600.0,109142.0
5093,5093,2019.01.17,13900.0,50.0,14100.0,14100.0,13650.0,124835.0
5094,5094,2019.01.18,13850.0,50.0,14000.0,14050.0,13650.0,83048.0
5095,5095,2019.01.21,13600.0,250.0,13850.0,13950.0,13500.0,91382.0
5096,5096,2019.01.22,13600.0,0.0,13600.0,13650.0,13400.0,59544.0
5097,5097,2019.01.23,13600.0,0.0,13450.0,13800.0,13450.0,65029.0
5098,5098,2019.01.24,13600.0,0.0,13550.0,13750.0,13500.0,63480.0
5099,5099,2019.01.25,13650.0,50.0,13550.0,13700.0,13500.0,62119.0
5100,5100,2019.01.28,13550.0,100.0,13600.0,13850.0,13450.0,113149.0
5101,5101,2019.01.29,13500.0,50.0,13450.0,13500.0,13150.0,150814.0
5102,5102,2019.01.30,13500.0,0.0,13400.0,13650.0,13400.0,70619.0
5103,5103,2019.01.31,13500.0,0.0,13700.0,13950.0,13350.0,159175.0
5104,5104,2019.02.01,13450.0,50.0,13400.0,13600.0,13300.0,64164.0
5105,5105,2019.02.07,13550.0,100.0,13550.0,13650.0,13350.0,72852.0
5106,5106,2019.02.08,13250.0,300.0,13500.0,13600.0,13150.0,111374.0
5107,5107,2019.02.11,13300.0,50.0,13150.0,13400.0,13150.0,60565.0
5108,5108,2019.02.12,13350.0,50.0,13350.0,13500.0,13200.0,50079.0
5109,5109,2019.02.13,13600.0,250.0,13350.0,13650.0,13250.0,106509.0
5110,5110,2019.02.14,14150.0,550.0,13750.0,14150.0,13600.0,174223.0
5111,5111,2019.02.15,14000.0,150.0,14250.0,14300.0,13800.0,184291.0
5112,5112,2019.02.18,13950.0,50.0,14050.0,14050.0,13700.0,122719.0
5113,5113,2019.02.19,13900.0,50.0,13800.0,14000.0,13650.0,104175.0
5114,5114,2019.02.20,13900.0,0.0,14300.0,14400.0,13900.0,289461.0
5115,5115,2019.02.21,14400.0,500.0,13900.0,14500.0,13800.0,204566.0
5116,5116,2019.02.22,14200.0,200.0,14350.0,14450.0,14050.0,151411.0
5117,5117,2019.02.25,14200.0,0.0,14300.0,14300.0,14050.0,57787.0
5118,5118,2019.02.26,14050.0,150.0,14100.0,14250.0,13950.0,90823.0
5119,5119,2019.02.27,14150.0,100.0,13950.0,14200.0,13950.0,61080.0
5120,5120,2019.02.28,13450.0,700.0,14150.0,14150.0,13450.0,159059.0
5121,5121,2019.03.04,13900.0,450.0,13550.0,14000.0,13550.0,91432.0
5122,5122,2019.03.05,13750.0,150.0,13750.0,13950.0,13600.0,57455.0
5123,5123,2019.03.06,13900.0,150.0,13750.0,14000.0,13600.0,86773.0
5124,5124,2019.03.07,13450.0,450.0,13900.0,13900.0,13350.0,94058.0
5125,5125,2019.03.08,13300.0,150.0,13400.0,13450.0,13150.0,97773.0
5126,5126,2019.03.11,13400.0,100.0,13300.0,13550.0,13250.0,66436.0
5127,5127,2019.03.12,13700.0,300.0,13550.0,13750.0,13350.0,85363.0
5128,5128,2019.03.13,13900.0,200.0,13700.0,13950.0,13600.0,93561.0
5129,5129,2019.03.14,14100.0,200.0,13950.0,14400.0,13950.0,385858.0
5130,5130,2019.03.15,14250.0,150.0,14300.0,14450.0,13950.0,206713.0
5131,5131,2019.03.18,14250.0,0.0,14250.0,14700.0,14100.0,113908.0
5132,5132,2019.03.19,14050.0,200.0,14250.0,14450.0,14050.0,102143.0
5133,5133,2019.03.20,13950.0,100.0,14000.0,14100.0,13700.0,104949.0
5134,5134,2019.03.21,13650.0,300.0,14050.0,14300.0,13600.0,143115.0
5135,5135,2019.03.22,13800.0,150.0,13700.0,13850.0,13650.0,61063.0
5136,5136,2019.03.25,13650.0,150.0,13600.0,13800.0,13500.0,74219.0
5137,5137,2019.03.26,13850.0,200.0,13650.0,13900.0,13550.0,68542.0
5138,5138,2019.03.27,13850.0,0.0,13800.0,13900.0,13650.0,60873.0
5139,5139,2019.03.28,13750.0,100.0,13900.0,13900.0,13500.0,89917.0
5140,5140,2019.03.29,13450.0,300.0,13700.0,13750.0,13350.0,92958.0
5141,5141,2019.04.01,13500.0,50.0,13500.0,13600.0,13350.0,152438.0
5142,5142,2019.04.02,13400.0,100.0,13500.0,13550.0,13200.0,129289.0
5143,5143,2019.04.03,13450.0,50.0,13350.0,13450.0,13250.0,107921.0
5144,5144,2019.04.04,13300.0,150.0,13450.0,13550.0,13300.0,144510.0
5145,5145,2019.04.05,13400.0,100.0,13500.0,13850.0,13350.0,333833.0
5146,5146,2019.04.08,13300.0,100.0,13450.0,13550.0,13300.0,147484.0
5147,5147,2019.04.09,14250.0,950.0,13300.0,14300.0,13200.0,636355.0
5148,5148,2019.04.10,14200.0,50.0,14250.0,14350.0,13950.0,187965.0
5149,5149,2019.04.11,14250.0,50.0,14400.0,14550.0,13950.0,249016.0
5150,5150,2019.04.12,14200.0,50.0,14200.0,14250.0,14050.0,79392.0
5151,5151,2019.04.15,14100.0,100.0,14250.0,14250.0,14000.0,106023.0
5152,5152,2019.04.16,14000.0,100.0,14100.0,14250.0,13850.0,125260.0
5153,5153,2019.04.17,14000.0,0.0,14000.0,14000.0,13800.0,142593.0
5154,5154,2019.04.18,13450.0,550.0,13950.0,14000.0,13400.0,264107.0
5155,5155,2019.04.19,13550.0,100.0,13550.0,13650.0,13350.0,137556.0
5156,5156,2019.04.22,13450.0,100.0,13600.0,13750.0,13350.0,76383.0
5157,5157,2019.04.23,13350.0,100.0,13450.0,13500.0,13300.0,94362.0
5158,5158,2019.04.24,13350.0,0.0,13400.0,13500.0,13200.0,115139.0
5159,5159,2019.04.25,13100.0,250.0,13350.0,13400.0,13050.0,150812.0
5160,5160,2019.04.26,12900.0,200.0,12900.0,13100.0,12550.0,247041.0
5161,5161,2019.04.29,13200.0,300.0,13050.0,13200.0,12900.0,58864.0
5162,5162,2019.04.30,13200.0,0.0,13250.0,13250.0,13000.0,64848.0
5163,5163,2019.05.02,13250.0,50.0,13150.0,13300.0,13050.0,53420.0
5164,5164,2019.05.03,13200.0,50.0,13100.0,13250.0,13000.0,60535.0
5165,5165,2019.05.07,13000.0,200.0,13000.0,13250.0,12900.0,90127.0
5166,5166,2019.05.08,12950.0,50.0,12800.0,13150.0,12800.0,96511.0
5167,5167,2019.05.09,12500.0,450.0,12900.0,13000.0,12400.0,169579.0
5168,5168,2019.05.10,12350.0,150.0,12500.0,12700.0,12050.0,210584.0
5169,5169,2019.05.13,12000.0,350.0,12200.0,12400.0,12000.0,101862.0
5170,5170,2019.05.14,11850.0,150.0,11700.0,12050.0,11650.0,144461.0
5171,5171,2019.05.15,12500.0,650.0,11850.0,12500.0,11750.0,98294.0
5172,5172,2019.05.16,12400.0,100.0,12600.0,12650.0,12250.0,138482.0
5173,5173,2019.05.17,12100.0,300.0,12450.0,12600.0,12100.0,76816.0
5174,5174,2019.05.20,12200.0,100.0,12100.0,12350.0,12000.0,59797.0
5175,5175,2019.05.21,12500.0,300.0,12200.0,12750.0,12200.0,171852.0
5176,5176,2019.05.22,12800.0,300.0,12600.0,12900.0,12500.0,131260.0
5177,5177,2019.05.23,12650.0,150.0,12800.0,12800.0,12550.0,52735.0
5178,5178,2019.05.24,12550.0,100.0,12500.0,12700.0,12250.0,67320.0
5179,5179,2019.05.27,12300.0,250.0,12350.0,12600.0,12300.0,56474.0
5180,5180,2019.05.28,12250.0,50.0,12350.0,12450.0,12250.0,66791.0
5181,5181,2019.05.29,12150.0,100.0,12300.0,12300.0,12000.0,71774.0
5182,5182,2019.05.30,12150.0,0.0,12150.0,12300.0,12050.0,127598.0
5183,5183,2019.05.31,12300.0,150.0,12150.0,12400.0,12150.0,54666.0
5184,5184,2019.06.03,12450.0,150.0,12100.0,12450.0,12100.0,50299.0
5185,5185,2019.06.04,12550.0,100.0,12450.0,12550.0,12350.0,47529.0
5186,5186,2019.06.05,12300.0,250.0,12600.0,12700.0,12250.0,76055.0
5187,5187,2019.06.07,12800.0,500.0,12400.0,12850.0,12350.0,92490.0
5188,5188,2019.06.10,12800.0,0.0,12800.0,12950.0,12550.0,167594.0
5189,5189,2019.06.11,12850.0,50.0,12800.0,12950.0,12800.0,56667.0
5190,5190,2019.06.12,12700.0,150.0,12850.0,12850.0,12650.0,38631.0
5191,5191,2019.06.13,12650.0,50.0,12700.0,12950.0,12600.0,126169.0
5192,5192,2019.06.14,12750.0,100.0,12750.0,12900.0,12650.0,62498.0
5193,5193,2019.06.17,12900.0,150.0,12750.0,12900.0,12650.0,53045.0
5194,5194,2019.06.18,12950.0,50.0,12900.0,12950.0,12800.0,50304.0
5195,5195,2019.06.19,12650.0,300.0,13050.0,13100.0,12600.0,81247.0
5196,5196,2019.06.20,12800.0,150.0,12700.0,12900.0,12650.0,44646.0
5197,5197,2019.06.21,12800.0,0.0,12800.0,12950.0,12700.0,58488.0
5198,5198,2019.06.24,12700.0,100.0,12750.0,12800.0,12600.0,63186.0
5199,5199,2019.06.25,12600.0,100.0,12700.0,12900.0,12500.0,66830.0
5200,5200,2019.06.26,12400.0,200.0,12600.0,12700.0,12300.0,48964.0
5201,5201,2019.06.27,12600.0,200.0,12400.0,12750.0,12400.0,52955.0
5202,5202,2019.06.28,12600.0,0.0,12800.0,12800.0,12500.0,25114.0
5203,5203,2019.07.01,12600.0,0.0,12800.0,12850.0,12450.0,73479.0
5204,5204,2019.07.02,12500.0,100.0,12500.0,12700.0,12350.0,43395.0
5205,5205,2019.07.03,12250.0,250.0,12400.0,12500.0,12100.0,112833.0
5206,5206,2019.07.04,12450.0,200.0,12250.0,12450.0,11850.0,127339.0
5207,5207,2019.07.05,12500.0,50.0,12450.0,12500.0,12250.0,44112.0
5208,5208,2019.07.08,12000.0,500.0,12500.0,12500.0,12000.0,93942.0
5209,5209,2019.07.09,11900.0,100.0,12000.0,12200.0,11900.0,64596.0
5210,5210,2019.07.10,11850.0,50.0,12000.0,12050.0,11750.0,93280.0
5211,5211,2019.07.11,12150.0,300.0,11900.0,12150.0,11900.0,27572.0
5212,5212,2019.07.12,12100.0,50.0,12150.0,12250.0,11950.0,51113.0
5213,5213,2019.07.15,12000.0,100.0,12100.0,12100.0,11800.0,52873.0
5214,5214,2019.07.16,11850.0,150.0,11850.0,12050.0,11600.0,77997.0
5215,5215,2019.07.17,11300.0,550.0,11750.0,11800.0,11250.0,155622.0
5216,5216,2019.07.18,11250.0,50.0,11400.0,11550.0,11200.0,75834.0
5217,5217,2019.07.19,11500.0,250.0,11250.0,11500.0,11200.0,119282.0
5218,5218,2019.07.22,11350.0,150.0,11600.0,11600.0,11300.0,44764.0
5219,5219,2019.07.23,11400.0,50.0,11300.0,11650.0,11300.0,75249.0
5220,5220,2019.07.24,11450.0,50.0,11500.0,11900.0,11350.0,68696.0
5221,5221,2019.07.25,11400.0,50.0,11600.0,11650.0,11200.0,105145.0
5222,5222,2019.07.26,10950.0,450.0,11250.0,11350.0,10850.0,124976.0
5223,5223,2019.07.29,10550.0,400.0,10900.0,10950.0,10550.0,93852.0
5224,5224,2019.07.30,10800.0,250.0,10400.0,11000.0,10400.0,72478.0
5225,5225,2019.07.31,11050.0,250.0,10750.0,11100.0,10550.0,63596.0
5226,5226,2019.08.01,10850.0,200.0,11050.0,11100.0,10750.0,57488.0
5227,5227,2019.08.02,10800.0,50.0,10850.0,11050.0,10650.0,46394.0
5228,5228,2019.08.05,9880.0,920.0,10800.0,10850.0,9860.0,149652.0
5229,5229,2019.08.06,10000.0,120.0,9560.0,10300.0,9560.0,211455.0
5230,5230,2019.08.07,10200.0,200.0,10050.0,10250.0,9890.0,104669.0
5231,5231,2019.08.08,10600.0,400.0,10200.0,10600.0,10150.0,72483.0
5232,5232,2019.08.09,10500.0,100.0,10600.0,10700.0,10400.0,50432.0
5233,5233,2019.08.12,11000.0,500.0,10450.0,11050.0,10150.0,165202.0
5234,5234,2019.08.13,10650.0,350.0,10800.0,10900.0,10600.0,78663.0
5235,5235,2019.08.14,10550.0,100.0,10800.0,11000.0,10350.0,106865.0
5236,5236,2019.08.16,10300.0,250.0,10350.0,10350.0,10100.0,82219.0
5237,5237,2019.08.19,10350.0,50.0,10250.0,10500.0,10200.0,38280.0
5238,5238,2019.08.20,10400.0,50.0,10350.0,10500.0,10200.0,64173.0
5239,5239,2019.08.21,10400.0,0.0,10350.0,10550.0,10250.0,99598.0
5240,5240,2019.08.22,10250.0,150.0,10450.0,10600.0,10250.0,54573.0
5241,5241,2019.08.23,10150.0,100.0,10150.0,10250.0,10100.0,38742.0
5242,5242,2019.08.26,9510.0,640.0,9940.0,9950.0,9510.0,158475.0
5243,5243,2019.08.27,9700.0,190.0,9560.0,9870.0,9560.0,59021.0
5244,5244,2019.08.28,10100.0,400.0,9830.0,10100.0,9700.0,51768.0
5245,5245,2019.08.29,10100.0,0.0,10000.0,10150.0,9810.0,63500.0
5246,5246,2019.08.30,10100.0,0.0,10300.0,10300.0,10100.0,55012.0
5247,5247,2019.09.02,10250.0,150.0,10050.0,10250.0,10000.0,42112.0
5248,5248,2019.09.03,10200.0,50.0,10150.0,10350.0,10100.0,38544.0
5249,5249,2019.09.04,10250.0,50.0,10100.0,10350.0,10100.0,34511.0
5250,5250,2019.09.05,10350.0,100.0,10300.0,10500.0,10300.0,44802.0
5251,5251,2019.09.06,10450.0,100.0,10350.0,10500.0,10250.0,44998.0
5252,5252,2019.09.09,10250.0,200.0,10450.0,10500.0,10150.0,42942.0
5253,5253,2019.09.10,10350.0,100.0,10200.0,10350.0,10150.0,44174.0
5254,5254,2019.09.11,10250.0,100.0,10550.0,10550.0,10250.0,55442.0
5255,5255,2019.09.16,10500.0,250.0,10350.0,10500.0,10200.0,41611.0
5256,5256,2019.09.17,10550.0,50.0,10400.0,10550.0,10350.0,42357.0
5257,5257,2019.09.18,10450.0,100.0,10450.0,10550.0,10400.0,35645.0
5258,5258,2019.09.19,10500.0,50.0,10450.0,10700.0,10400.0,47043.0
5259,5259,2019.09.20,10350.0,150.0,10500.0,10550.0,10350.0,45100.0
5260,5260,2019.09.23,10450.0,100.0,10300.0,10450.0,10300.0,27993.0
5261,5261,2019.09.24,10400.0,50.0,10550.0,10600.0,10400.0,40604.0
5262,5262,2019.09.25,10250.0,150.0,10450.0,10450.0,10200.0,36801.0
5263,5263,2019.09.26,10450.0,200.0,10250.0,10500.0,10250.0,44995.0
5264,5264,2019.09.27,10350.0,100.0,10450.0,10500.0,10250.0,36303.0
5265,5265,2019.09.30,10200.0,150.0,10250.0,10300.0,10000.0,47466.0
5266,5266,2019.10.01,10600.0,400.0,10150.0,10600.0,10100.0,62190.0
5267,5267,2019.10.02,10150.0,450.0,10450.0,10550.0,10150.0,60111.0
5268,5268,2019.10.04,10150.0,0.0,10100.0,10300.0,10050.0,34842.0
5269,5269,2019.10.07,10000.0,150.0,10300.0,10300.0,9880.0,131605.0
5270,5270,2019.10.08,9940.0,60.0,9900.0,10050.0,9870.0,101399.0
5271,5271,2019.10.10,10100.0,160.0,9920.0,10100.0,9900.0,50361.0
5272,5272,2019.10.11,9970.0,130.0,10050.0,10150.0,9970.0,39629.0
5273,5273,2019.10.14,10100.0,130.0,10050.0,10200.0,9980.0,33794.0
5274,5274,2019.10.15,10300.0,200.0,10100.0,10350.0,10050.0,63854.0
5275,5275,2019.10.16,10400.0,100.0,10300.0,10400.0,10250.0,43828.0
5276,5276,2019.10.17,10550.0,150.0,10450.0,10550.0,10200.0,50063.0
5277,5277,2019.10.18,10150.0,400.0,10500.0,10550.0,10150.0,98167.0
5278,5278,2019.10.21,10100.0,50.0,10200.0,10200.0,10000.0,50974.0
5279,5279,2019.10.22,10100.0,0.0,10100.0,10150.0,9990.0,92472.0
5280,5280,2019.10.23,10000.0,100.0,10100.0,10100.0,9940.0,71664.0
5281,5281,2019.10.24,10050.0,50.0,9990.0,10100.0,9920.0,91933.0
5282,5282,2019.10.25,10150.0,100.0,10050.0,10200.0,9990.0,54892.0
5283,5283,2019.10.28,10250.0,100.0,10150.0,10300.0,10150.0,42232.0
5284,5284,2019.10.29,10250.0,0.0,10350.0,10400.0,10250.0,41755.0
5285,5285,2019.10.30,10200.0,50.0,10200.0,10350.0,10100.0,61176.0
5286,5286,2019.10.31,10050.0,150.0,10250.0,10300.0,9990.0,96061.0
5287,5287,2019.11.01,10050.0,0.0,10050.0,10100.0,9930.0,93273.0
5288,5288,2019.11.04,10050.0,0.0,10050.0,10200.0,10000.0,129645.0
5289,5289,2019.11.05,10050.0,0.0,10050.0,10100.0,9990.0,76491.0
5290,5290,2019.11.06,10150.0,100.0,10100.0,10300.0,10050.0,97149.0
5291,5291,2019.11.07,11350.0,1200.0,10200.0,11900.0,10150.0,1333081.0
5292,5292,2019.11.08,11550.0,200.0,11250.0,12150.0,11250.0,655054.0
5293,5293,2019.11.11,11200.0,350.0,11450.0,11650.0,11050.0,198924.0
5294,5294,2019.11.12,11350.0,150.0,11350.0,11650.0,11200.0,319085.0
5295,5295,2019.11.13,11400.0,50.0,11300.0,11850.0,11250.0,242401.0
5296,5296,2019.11.14,10750.0,650.0,11500.0,11550.0,10750.0,321486.0
5297,5297,2019.11.15,10500.0,250.0,10700.0,10850.0,10400.0,501687.0
5298,5298,2019.11.18,10600.0,100.0,10550.0,10650.0,10450.0,129140.0
5299,5299,2019.11.19,10450.0,150.0,10600.0,10700.0,10350.0,106544.0
5300,5300,2019.11.20,10350.0,100.0,10500.0,10900.0,10350.0,229794.0
5301,5301,2019.11.21,10100.0,250.0,10300.0,10500.0,10000.0,239583.0
5302,5302,2019.11.22,10050.0,50.0,10200.0,10250.0,10000.0,115307.0
5303,5303,2019.11.25,10400.0,350.0,10100.0,10450.0,10100.0,130360.0
5304,5304,2019.11.26,10500.0,100.0,10400.0,10550.0,10300.0,113683.0
5305,5305,2019.11.27,10300.0,200.0,10500.0,10550.0,10200.0,87719.0
5306,5306,2019.11.28,10050.0,250.0,10200.0,10200.0,9960.0,397307.0
5307,5307,2019.11.29,9920.0,130.0,10000.0,10050.0,9840.0,160531.0
5308,5308,2019.12.02,9980.0,60.0,9970.0,10050.0,9890.0,73569.0
5309,5309,2019.12.03,9910.0,70.0,9880.0,9970.0,9810.0,125138.0
5310,5310,2019.12.04,9730.0,180.0,9880.0,9910.0,9640.0,161196.0
5311,5311,2019.12.05,9640.0,90.0,9720.0,9850.0,9610.0,102297.0
5312,5312,2019.12.06,9920.0,280.0,9730.0,9920.0,9600.0,127450.0
5313,5313,2019.12.09,10100.0,180.0,9930.0,10100.0,9850.0,113452.0
5314,5314,2019.12.10,10100.0,0.0,10050.0,10150.0,9920.0,58082.0
5315,5315,2019.12.11,9970.0,130.0,10150.0,10150.0,9960.0,115350.0
5316,5316,2019.12.12,10250.0,280.0,10050.0,10300.0,10050.0,851986.0
5317,5317,2019.12.13,10050.0,200.0,10350.0,10350.0,10050.0,151884.0
5318,5318,2019.12.16,10200.0,150.0,10100.0,10300.0,10050.0,116116.0
5319,5319,2019.12.17,10200.0,0.0,10250.0,10300.0,10100.0,73205.0
5320,5320,2019.12.18,10100.0,100.0,10300.0,10300.0,10050.0,69224.0
5321,5321,2019.12.19,10100.0,0.0,10200.0,10200.0,9980.0,137166.0
5322,5322,2019.12.20,10050.0,50.0,10100.0,10250.0,10050.0,74722.0
5323,5323,2019.12.23,10150.0,100.0,10100.0,10150.0,10000.0,50610.0
5324,5324,2019.12.24,9980.0,170.0,10150.0,10250.0,9970.0,122680.0
5325,5325,2019.12.26,10100.0,120.0,10000.0,10150.0,9980.0,74444.0
5326,5326,2019.12.27,10000.0,100.0,10050.0,10100.0,9990.0,106323.0
5327,5327,2019.12.30,10000.0,0.0,10000.0,10100.0,9980.0,59620.0
5328,5328,2020.01.02,10150.0,150.0,10150.0,10200.0,10000.0,75227.0
5329,5329,2020.01.03,10100.0,50.0,10200.0,10250.0,10100.0,52330.0
5330,5330,2020.01.06,9950.0,150.0,9990.0,10050.0,9900.0,77750.0
5331,5331,2020.01.07,10350.0,400.0,10000.0,10350.0,10000.0,206144.0
5332,5332,2020.01.08,10100.0,250.0,10250.0,10300.0,9960.0,183259.0
5333,5333,2020.01.09,10950.0,850.0,10300.0,10950.0,10250.0,667721.0
5334,5334,2020.01.10,10900.0,50.0,10950.0,11400.0,10850.0,404100.0
5335,5335,2020.01.13,10950.0,50.0,10950.0,11300.0,10750.0,227459.0
5336,5336,2020.01.14,10550.0,400.0,10950.0,11050.0,10400.0,261773.0
5337,5337,2020.01.15,10650.0,100.0,10600.0,10700.0,10500.0,79860.0
5338,5338,2020.01.16,10600.0,50.0,10750.0,10750.0,10550.0,48681.0
5339,5339,2020.01.17,10700.0,100.0,10650.0,10900.0,10600.0,78139.0
5340,5340,2020.01.20,10750.0,50.0,10750.0,10800.0,10600.0,105787.0
5341,5341,2020.01.21,10600.0,150.0,10850.0,10850.0,10500.0,74115.0
5342,5342,2020.01.22,10700.0,100.0,10650.0,10700.0,10500.0,73275.0
5343,5343,2020.01.23,11250.0,550.0,10700.0,11350.0,10600.0,316246.0
5344,5344,2020.01.28,11650.0,400.0,11950.0,12000.0,11100.0,1324505.0
5345,5345,2020.01.29,11550.0,100.0,11900.0,11950.0,11250.0,543330.0
5346,5346,2020.01.30,11700.0,150.0,11500.0,12450.0,11350.0,1243542.0
5347,5347,2020.01.31,11150.0,550.0,12150.0,12150.0,11150.0,656755.0
5348,5348,2020.02.03,10750.0,400.0,11300.0,11500.0,10550.0,717316.0
5349,5349,2020.02.04,10650.0,100.0,10700.0,10900.0,10550.0,268617.0
5350,5350,2020.02.05,10700.0,50.0,10900.0,11100.0,10550.0,319071.0
5351,5351,2020.02.06,11000.0,300.0,10800.0,11050.0,10650.0,283048.0
5352,5352,2020.02.07,10650.0,350.0,11100.0,11150.0,10600.0,275525.0
5353,5353,2020.02.10,10450.0,200.0,10550.0,10600.0,10350.0,246509.0
5354,5354,2020.02.11,10650.0,200.0,10600.0,10700.0,10400.0,211156.0
5355,5355,2020.02.12,10550.0,100.0,10650.0,10700.0,10500.0,123143.0
5356,5356,2020.02.13,10450.0,100.0,10600.0,10650.0,10400.0,193073.0
5357,5357,2020.02.14,10450.0,0.0,10500.0,10600.0,10350.0,109438.0
5358,5358,2020.02.17,10550.0,100.0,10800.0,10800.0,10500.0,108525.0
5359,5359,2020.02.18,10400.0,150.0,10550.0,10600.0,10300.0,164751.0
5360,5360,2020.02.19,10550.0,150.0,10400.0,10550.0,10200.0,115681.0
5361,5361,2020.02.20,10650.0,100.0,10650.0,10850.0,10550.0,218851.0
5362,5362,2020.02.21,10200.0,450.0,10800.0,10800.0,10150.0,316396.0
5363,5363,2020.02.24,9930.0,270.0,10200.0,10400.0,9920.0,283969.0
5364,5364,2020.02.25,10050.0,120.0,9930.0,10150.0,9880.0,141244.0
5365,5365,2020.02.26,10200.0,150.0,10100.0,10400.0,9960.0,224088.0
5366,5366,2020.02.27,10200.0,0.0,10350.0,10850.0,10050.0,352963.0
5367,5367,2020.02.28,10000.0,200.0,10000.0,10100.0,9610.0,234785.0
5368,5368,2020.03.02,10150.0,150.0,9890.0,10150.0,9830.0,156048.0
5369,5369,2020.03.03,10150.0,0.0,10200.0,10450.0,10150.0,188638.0
5370,5370,2020.03.04,10450.0,300.0,10200.0,10500.0,10150.0,146902.0
5371,5371,2020.03.05,10450.0,0.0,10500.0,10600.0,10400.0,95842.0
5372,5372,2020.03.06,10300.0,150.0,10250.0,10400.0,10150.0,111502.0
5373,5373,2020.03.09,9800.0,500.0,10200.0,10200.0,9740.0,250043.0
5374,5374,2020.03.10,9680.0,120.0,9600.0,9740.0,9490.0,199476.0
5375,5375,2020.03.11,9200.0,480.0,9700.0,9780.0,9150.0,276762.0
5376,5376,2020.03.12,8390.0,810.0,9020.0,9170.0,8390.0,292424.0
5377,5377,2020.03.13,7580.0,810.0,7600.0,7720.0,6860.0,551143.0
5378,5378,2020.03.16,7220.0,360.0,7700.0,7900.0,7220.0,284795.0
5379,5379,2020.03.17,7050.0,170.0,6550.0,7320.0,6550.0,220333.0
5380,5380,2020.03.18,7000.0,50.0,7150.0,8900.0,7000.0,973810.0
5381,5381,2020.03.19,6510.0,490.0,7140.0,8100.0,6370.0,1185224.0
5382,5382,2020.03.20,6810.0,300.0,6520.0,6990.0,6520.0,438190.0
5383,5383,2020.03.23,6500.0,310.0,6320.0,6740.0,6320.0,235962.0
5384,5384,2020.03.24,6840.0,340.0,6650.0,6850.0,6560.0,326869.0
5385,5385,2020.03.25,7250.0,410.0,7300.0,7480.0,6990.0,352654.0
5386,5386,2020.03.26,7600.0,350.0,7330.0,8060.0,7290.0,624896.0
5387,5387,2020.03.27,8100.0,500.0,7980.0,8430.0,7670.0,722894.0
5388,5388,2020.03.30,8940.0,840.0,8500.0,9130.0,8360.0,991987.0
5389,5389,2020.03.31,9370.0,430.0,9300.0,9820.0,8940.0,1030019.0
5390,5390,2020.04.01,8860.0,510.0,9370.0,9500.0,8780.0,507169.0
5391,5391,2020.04.02,9500.0,640.0,9200.0,9590.0,8860.0,816806.0
5392,5392,2020.04.03,9450.0,50.0,9760.0,9760.0,9200.0,400823.0
5393,5393,2020.04.06,10400.0,950.0,9640.0,10650.0,9480.0,1290318.0
5394,5394,2020.04.07,10200.0,200.0,10650.0,10650.0,9920.0,708602.0
5395,5395,2020.04.08,10250.0,50.0,10300.0,10700.0,10100.0,704884.0
5396,5396,2020.04.09,12600.0,2350.0,10500.0,13300.0,10400.0,6765253.0
5397,5397,2020.04.10,11500.0,1100.0,12650.0,12900.0,11250.0,2159231.0
5398,5398,2020.04.13,12100.0,600.0,11500.0,12350.0,11500.0,1648351.0
5399,5399,2020.04.14,12150.0,50.0,12250.0,12350.0,11950.0,581921.0
